1480494883439
1480494949769
1480495281769
1480455386017
1480455396964
1480455413554
1480455473766
1480455547734
1480450171298
1480450280527
1480510148087
1480510350440
1480435707169
1480435713727
1480435743480
1480435963307
1480495437703
1480495506392
1480495771406
1480495844279
1480495880972
1480450718070
1480450864453
1480450884486
1480435116628
1480435191830
1480435192662
1480435202779
1480435274509
1480443353110
1480501288184
1480501291040
1480501384986
1480501392048
1480501394428
1480501468435
1480501472664
1480501474881
1480506060899
1480506125833
1480506146404
1480506202933
1480506285434
1480506411662
1480456411029
1480456413589
1480456460097
1480456482065
1480456483932
1480431630077
1480431645749
1480431651113
1480431680264
1480431701963
1480502115503
1480502280059
1480502297681
1480502311833
1480502339178
1480502377474
1480502391457
1480502410688
1480502487889
1480502496029
1480502498996
1480441066577
1480441108504
1480491080108
1480491265395
1480433110582
1480433273559
1480433302389
1480433354157
1480433363246
1480489514594
1480504427995
1480504456969
1480504502632
1480504653797
1480504772630
1480440714805
1480440743971
1480440899390
1480440957064
1480441003057
1480458681710
1480458707153
1480458757139
1480458789656
1480458796325
1480458807119
1480458894061
1480458957741
1480458982797
1480459011579
1480459054066
1480443404680
1480443439015
1480443455953
1480443457430
1480443500398
1480443557082
1480443564747
1480443621035
1480443647948
1480443651642
1480446627668
1480446806969
1480446819605
1480454735761
1480454749980
1480454761250
1480454904463
1480454955263
1480454969064
1480483823341
1480483832590
1480483841957
1480483865668
1480509847788
1480509852071
1480509857230
1480509859754
1480509931044
1480490372589
1480490426420
1480490537371
1480490559998
1480490589813
1480490651134
1480490801213
1480459507160
1480459593845
1480459672885
1480459753015
1480459817191
1480459848827
1480459884537
1480445313622
1480445317609
1480445319486
1480432133284
1480432263377
1480437578271
1480437750971
1480511842391
1480512012019
1480512086560
1480512560095
1480431222447
1480431428461
1480431481072
1480496557404
1480496655882
1480496822329
1480514576347
1480514577828
1480514655962
1480514782782
1480514789516
1480487798784
1480488268316
1480488325739
1480493993443
1480494014978
1480494409822
1480494544824
1480437269159
1480451435797
1480451461776
1480451572961
1480451627661
1480505708987
1480505763309
1480505809140
1480505844481
1480441510869
1480441519890
1480441560585
1480441583096
1480441612848
1480440061486
1480440140945
1480440244269
1480440246913
1480440258312
1480440272376
1480440327094
1480491734242
1480491802093
1480512898399
1480512984521
1480513133990
1480430550980
1480430833245
1480444755537
1480444870273
1480453378094
1480453400086
1480452372597
1480452379684
1480452422365
1480452455570
1480452537693
1480452640766
1480507028577
1480507093782
1480507147537
1480448535118
1480448542787
1480448559697
1480448561823
1480460826945
1480461270121
1480501665985
1480501668393
1480501936123
1480501959300
1480501960754
1480502058379
1480442694053
1480454186184
1480433647718
1480433737815
1480502559389
1480502560978
1480502602965
1480502874424
1480502949652
1480503001824
1480457168264
1480457352956
1480457449534
1480442730711
1480442738644
1480442845754
1480442862877
1480442893463
1480442914096
1480442914913
1480443041330
1480516338348
1480516449650
1480516450085
1480516451847
1480516460424
1480516465037
1480507821307
1480507970692
1480507980057
1480508026164
1480435318615
1480435412569
1480435442162
1480435650174
1480435672891
1480435689946
1480445732922
1480445808046
1480445813907
1480434629157
1480434868670
1480434920639
1480513283000
1480513424200
1480513485142
1480436095383
1480436105423
1480436127987
1480436182832
1480436261444
1480436398886
1480436445370
1480447428183
1480453471208
1480457673777
1480457690839
1480457701604
1480457775292
1480457796587
1480497868849
1480498039818
1480498096185
1480498099133
1480498100677
1480498106846
1480498108837
1480498125497
1480498135240
1480498143449
1480498150922
1480498151043
1480498156950
1480498171555
1480498229606
1480464506849
1480444117385
1480444190958
1480444237224
1480444274424
1480444324627
1480486007847
1480448200274
1480448403877
1480448405867
1480448430633
1480448433621
1480439006254
1480439007539
1480439271390
1480439312378
1480436594113
1480436641994
1480436661442
1480436783174
1480436800268
1480497465442
1480497474503
1480497491263
1480497500333
1480497575003
1480497576592
1480497831039
1480497831542
1480497840913
1480453001720
1480453049547
1480453103260
1480440386047
1480440442292
1480440453473
1480440517527
1480440572396
1480440587853
1480440661088
1480440684253
1480497128680
1480497155919
1480497159836
1480497179914
1480497186672
1480497332078
1480500268702
1480500289764
1480500295470
1480500309173
1480500380284
1480500454078
1480500538497
1480500615119
1480463522916
1480516080740
1480516134207
1480516146604
1480516190523
1480516193656
1480516211272
1480455926631
1480456083318
1480450402810
1480450416397
1480450465292
1480450574852
1480450589194
1480513557194
1480513589992
1480513602156
1480513623224
1480513629885
1480513839796
1480431799998
1480431831530
1480431862271
1480431935438
1480431973817
1480498324671
1480498378534
1480498419893
1480498425810
1480498457516
1480498721073
1480498811115
1480503563492
1480503627795
1480503658806
1480503886192
1480492318526
1480492553773
1480441743403
1480441748918
1480441753184
1480441758302
1480441864843
1480441889194
1480442017733
1480442038812
1480499824779
1480499861234
1480499957783
1480499971151
1480436888179
1480436905523
1480436931928
1480437020598
1480437179067
1480437182573
1480508929188
1480509039452
1480459897228
1480459911956
1480460029860
1480460044657
1480460046791
1480460055722
1480460123564
1480460152953
1480460185627
1480460206384
1480460213772
1480460232555
1480460278637
1480492932023
1480492961415
1480492969095
1480452040527
1480445329561
1480445331549
1480445489083
1480445639965
1480493251724
1480493374795
1480505216945
1480505257181
1480505367287
1480505388341
1480505429840
1480515553195
1480515614327
1480515644415
1480515669234
1480496008184
1480496130812
1480496248364
1480496405448
1480510448096
1480510522046
1480510528627
1480510620036
1480510626547
1480510631972
1480510767270
1480503900135
1480503988037
1480504015465
1480504102606
1480504114909
1480508658297
1480508661856
1480508742994
1480508755474
1480508755555
1480508843207
1480462551733
1480462668901
1480462777303
1480499347209
1480499658402
1480499677499
1480458154382
1480458230327
1480487121592
1480487195904
1480487581598
1480487587403
1480487592813
1480487604806
1480487612253
1480487615806
1480487628231
1480487632632
1480487636451
1480446119147
1480446131248
1480504812646
1480504881403
1480504997904
1480505064124
1480505125374
1480505149524
1480450007199
1480450021676
1480470499412
1480439463727
1480439470970
1480439478037
1480439590231
1480509326471
1480509560478
1480509594305
1480514158241
1480514196738
1480514364492
1480469022942
1480498959106
1480498976632
1480499032080
1480499236440
1480447615767
1480515216956
1480515308953
1480515316558
1480515446103
1480515459559
1480515474560
1480459080408
1480459151375
1480459182132
1480459326136
1480459407735
1480459451814
1480500840432
1480500859025
1480430198137
1480430199349
1480430283393
1480430392533
1480430442525
1480430455921
1480489814081
1480490013277
1480490093904
1480490112777
1480490256760
1480442071185
1480442091410
1480442115071
1480442317034
1480442332019
1480508282124
1480508480119
1480508487659
1480511567775
1480511808188
1480488463150
1480488470690
1480488486803
1480488535329
1480488714277
1480488761130
1480488769609
1480488798765
1480503042606
1480503060445
1480503122831
1480503154191
1480503166029
1480503329881
1480446312640
1480446514743
1480446517644
1480461340389
1480461471025
1480461477278
1480434182572
1480434235974
1480434261924
1480434285272
1480434360183
1480434386935
1480434482338
1480434536895
1480451672670
1480451742487
1480451785692
1480451888306
1480451910047
1480460324168
1480460383190
1480460397849
1480460416515
1480460419916
1480460476941
1480460553297
1480460644053
1480449260526
1480449276199
1480449283203
1480449393495
1480455004334
1480455018527
1480455143509
1480512193589
1480512270052
1480512295269
1480512300039
1480512519989
1480451175069
1480451235625
1480514959358
1480514967947
1480515130395
1480453737116
1480453740009
1480453806458
1480453858521
1480453869447
1480430969123
1480431006711
1480431017411
1480431018300
1480431026488
1480431097348
1480431126239
1480506499930
1480506506376
1480506649527
1480506660277
1480506668230
1480506791588
1480514055698
1480514088156
1480454563568
1480450898388
1480450905525
1480450916886
1480450981855
1480450984653
1480451001471
1480451051871
1480451099729
1480451112834
1480451167983
1480432865841
1480432923743
1480432966272
1480432983689
1480432987734
1480444472623
1480444721653
1480444725429
1480456739857
1480511188655
1480511218313
1480511241060
1480511268876
1480511347042
1480511369726
1480511421833
1480511446200
1480467355534
1480467576167
1480467874792
1480468110206
1480432520557
1480432600092
1480432604731
1480432622083
1480432654199
1480462463031
1480458323085
1480458329428
1480458333186
1480458509373
1480458569798
1480458640914
1480458648575
1480448863741
1480448996544
1480510863266
1480510944940
1480510976214
1480510980879
1480510983215
1480511063127
1480511096248
1480438746100
1480438884437
1480438902811
1480438907523
1480447936701
1480454258159
1480454293401
1480454317404
1480454389123
1480456102327
1480456105001
1480456130454
1480456175075
1480456281077
1480452737762
1480452778742
1480452809534
1480452901487
1480452915108
1480452930428
1480600588928
1480600634390
1480600643421
1480600673633
1480600683280
1480600684632
1480600722175
1480600748055
1480600748625
1480600751115
1480600762390
1480600775955
1480600782080
1480600828257
1480600838683
1480526163290
1480526237326
1480526276832
1480549512626
1480581892676
1480582083167
1480582119950
1480582136591
1480582140616
1480520743502
1480520823088
1480520947598
1480521055782
1480527127482
1480527135796
1480527186934
1480527221310
1480527257447
1480527428161
1480527430701
1480584768052
1480584817291
1480584969418
1480584980236
1480584994223
1480585027593
1480585082501
1480585132863
1480585149064
1480572037136
1480572043783
1480572048596
1480572054733
1480572104084
1480572145382
1480572201577
1480572704513
1480572709403
1480572712592
1480541657483
1480579430845
1480579462215
1480531176852
1480531223159
1480531239051
1480521164095
1480521188311
1480521345655
1480521446025
1480521453082
1480521484064
1480581360249
1480581360345
1480581612321
1480581646199
1480536590447
1480536633980
1480536639281
1480536689553
1480536699986
1480536779525
1480580234061
1480580430421
1480580485178
1480580604788
1480580637873
1480579690368
1480580150218
1480535475287
1480535491544
1480535665882
1480535691484
1480535711458
1480535713504
1480540943067
1480541034787
1480575233716
1480575327778
1480575456795
1480545102198
1480545147179
1480545169442
1480545191413
1480545219860
1480545254814
1480545386042
1480533644793
1480533646978
1480533660953
1480533663143
1480533732818
1480533734309
1480533817090
1480601998275
1480602001305
1480602218425
1480539377152
1480542811342
1480599771137
1480599829397
1480599854146
1480591868859
1480591871635
1480591884988
1480591936231
1480591942167
1480592005126
1480592050218
1480592072627
1480592083297
1480592108491
1480592152644
1480592190094
1480520354434
1480520370768
1480520374206
1480520435742
1480520459943
1480520531674
1480520565357
1480520583732
1480520584485
1480520584375
1480543147872
1480586961618
1480587009988
1480587061139
1480531009918
1480531021265
1480522237054
1480522332205
1480522395813
1480522438037
1480522478539
1480522543654
1480522565324
1480522575439
1480592375267
1480592455380
1480592468598
1480592559798
1480592561377
1480526809674
1480526928197
1480526971344
1480526981628
1480526983834
1480527026348
1480527115203
1480527118299
1480546010969
1480546023141
1480546037887
1480538544533
1480538591122
1480538653173
1480582875318
1480582961751
1480583127613
1480583133669
1480583182834
1480583184598
1480583185633
1480583201242
1480583276242
1480583285189
1480521531766
1480521554330
1480521582877
1480521655094
1480521813267
1480593975825
1480593995851
1480594048059
1480601344752
1480532612173
1480532621090
1480532631151
1480595205924
1480595210167
1480595216387
1480595372044
1480595436381
1480595469223
1480525551152
1480525569239
1480525584840
1480525587952
1480525700403
1480525708172
1480525723386
1480526480762
1480526486610
1480526575189
1480526664201
1480538938908
1480539163975
1480594071137
1480594086637
1480594093725
1480594112581
1480594122978
1480594239904
1480594373790
1480534937788
1480534955612
1480535101745
1480535106378
1480521925987
1480521933791
1480522081797
1480522150684
1480594473974
1480594554253
1480594586705
1480594754940
1480524797920
1480524892375
1480524940385
1480525043640
1480525072648
1480529771072
1480529852098
1480529917840
1480529991119
1480530026665
1480577091600
1480578375128
1480578512968
1480533123621
1480533192561
1480533248961
1480533263781
1480533292782
1480584075351
1480527468339
1480527482844
1480527554215
1480527588098
1480527608650
1480527623562
1480527717851
1480527719948
1480527738043
1480527741046
1480527794353
1480546355497
1480546366425
1480546403037
1480546415185
1480546537544
1480546554141
1480546597725
1480537415540
1480537419974
1480537454906
1480595505520
1480595524204
1480595581178
1480595684141
1480595733492
1480595750120
1480595819065
1480597044143
1480597106301
1480597136508
1480597201523
1480540078875
1480540139241
1480540181825
1480540185236
1480540189685
1480540192537
1480540195383
1480540197810
1480540203114
1480541315402
1480541321271
1480518067745
1480518073411
1480518081429
1480518087249
1480518089931
1480518097601
1480518101179
1480518104032
1480518108364
1480518285970
1480518366071
1480518376245
1480518382419
1480546862361
1480546995991
1480547027615
1480547053156
1480547083121
1480587131449
1480587157347
1480587328675
1480587397446
1480534423592
1480534502702
1480547941791
1480550665948
1480550739800
1480598420759
1480592708105
1480592887855
1480540461491
1480540521550
1480591128066
1480591133681
1480591170203
1480591173444
1480591176106
1480591180019
1480591183217
1480591272195
1480591296119
1480591300515
1480591343536
1480591345261
1480591430252
1480590175072
1480590395345
1480590429663
1480590438044
1480590555876
1480517406159
1480517638844
1480538195153
1480542264948
1480542363851
1480582341082
1480582386902
1480582410998
1480582481893
1480582579473
1480519601841
1480519687598
1480519700238
1480519743430
1480528426726
1480528544354
1480528655186
1480528681254
1480601755967
1480601799076
1480601818087
1480543513280
1480543523394
1480596837206
1480600380081
1480600447603
1480600534835
1480600537433
1480536188305
1480524433045
1480524518493
1480524538790
1480524546267
1480524557386
1480524578347
1480524601355
1480524622229
1480586595729
1480578894251
1480578900346
1480530246378
1480584276045
1480584301561
1480584340334
1480584349214
1480584366029
1480584381505
1480584400590
1480584432018
1480584436758
1480584497363
1480584593334
1480584680527
1480518845221
1480518855266
1480518891177
1480518972718
1480572823615
1480573064762
1480575778266
1480575824789
1480575830544
1480576055464
1480541890240
1480541901120
1480541911474
1480589849221
1480520063835
1480520073236
1480520106397
1480520131048
1480528307955
1480528324757
1480528331961
1480528375244
1480588479056
1480588493468
1480588609993
1480588615620
1480588719061
1480588773170
1480588783717
1480589377271
1480589396082
1480589396547
1480589397748
1480589399886
1480589622473
1480589726791
1480519250334
1480519262109
1480519353334
1480519357791
1480519392193
1480519487614
1480519488222
1480519527110
1480537707218
1480537831818
1480537863479
1480602313329
1480602327502
1480602364089
1480602402871
1480525828430
1480525835748
1480525852015
1480525854725
1480525854891
1480525871491
1480525907491
1480525959624
1480526038035
1480526102459
1480526108605
1480526117119
1480602690108
1480602695474
1480602878956
1480516770420
1480516787455
1480516844049
1480516943718
1480516962280
1480583325694
1480583400493
1480583426166
1480583433574
1480583437800
1480583486490
1480583504061
1480583513446
1480583680242
1480602961734
1480603115443
1480603133501
1480603135487
1480603236855
1480603238240
1480533346115
1480533442946
1480533454670
1480533545824
1480518603151
1480540640167
1480540741973
1480540833457
1480524130781
1480524136992
1480524277141
1480524299509
1480594893976
1480594920916
1480595035657
1480595051406
1480595062399
1480595069281
1480600945335
1480534875695
1480517284090
1480533964653
1480534103632
1480534203991
1480534212486
1480534220434
1480536813187
1480536830646
1480536841613
1480536873495
1480536882640
1480536889940
1480536968534
1480537047919
1480569860142
1480569980470
1480570027469
1480570032734
1480570046042
1480570622821
1480570641862
1480532059505
1480532071241
1480532083086
1480532163578
1480532321976
1480531760772
1480531891605
1480597638827
1480597715198
1480597791983
1480535289061
1480535314929
1480535373421
1480535460401
1480543999867
1480544037463
1480544095505
1480544099902
1480544146998
1480544259054
1480548446927
1480598728274
1480525173331
1480525174740
1480525231365
1480525250985
1480525332725
1480525357608
1480525412183
1480525435583
1480535880803
1480535903701
1480536016017
1480536028815
1480587720086
1480587753403
1480587800420
1480587822018
1480587855672
1480587871536
1480587896463
1480598010709
1480598084175
1480598107124
1480598297879
1480598310396
1480598328580
1480598332653
1480537927513
1480537956205
1480596116163
1480596119681
1480596153297
1480517998260
1480518011098
1480530439158
1480530450243
1480527831991
1480527856883
1480527871824
1480527903378
1480528014608
1480576711207
1480576734901
1480576762968
1480576778002
1480529138357
1480529214406
1480529221500
1480529222914
1480540010809
1480540024172
1480528732510
1480528794954
1480528865513
1480528890981
1480528914893
1480528929269
1480528976199
1480599434236
1480593459290
1480593500891
1480593547447
1480593612306
1480593626501
1480596237669
1480596346890
1480596400819
1480596523601
1480529509954
1480529531217
1480532806941
1480532837996
1480532892435
1480532942588
1480532959309
1480544302084
1480544374439
1480544377505
1480544404438
1480544441681
1480544544716
1480544607658
1480531404169
1480531556523
1480531572455
1480531611137
1480601691033
1480585750133
1480585826920
1480585830504
1480585876358
1480585939203
1480586042518
1480522689234
1480522742490
1480522816141
1480522907866
1480522935220
1480585269776
1480585270479
1480585327620
1480585333269
1480585335147
1480585335275
1480585335908
1480585343006
1480585403430
1480585429243
1480585461732
1480585466647
1480585478148
1480585487263
1480585687569
1480585700784
1480588927005
1480588976036
1480588989770
1480589018329
1480589109727
1480589146924
1480589200246
1480589216762
1480549794133
1480571900206
1480590703380
1480590740831
1480590814420
1480590856311
1480590952438
1480522984535
1480523005408
1480523097807
1480523169472
1480523196805
1480523202850
1480523213322
1480544710599
1480544725008
1480544877899
1480544886090
1480544913770
1480544918781
1480545007928
1480545014723
1480591505196
1480591545495
1480591594801
1480591749203
1480591775087
1480591776303
1480591808990
1480545473746
1480545531320
1480545534503
1480545543955
1480545614699
1480545630141
1480545673183
1480545722965
1480545740213
1480545825488
1480523679130
1480523754193
1480523796035
1480523798056
1480523855293
1480523957666
1480523969635
1480536419859
1480536451820
1480536527327
1480592998057
1480593018099
1480593020645
1480593092146
1480593264579
1480593289228
1480593298182
1480593304766
1480593341267
1480577733994
1480577779846
1480577782762
1480523324299
1480523382406
1480523383985
1480523408742
1480523419416
1480523443141
1480523594587
1480523598068
1480523634373
1480538849604
1480538906466
1480538920689
1480588035995
1480588091453
1480588102564
1480588296240
1480588330249
1480599052392
1480599065020
1480599096531
1480599133507
1480599270928
1480599308836
1480972691531
1480955950721
1480978780807
1480978883697
1480975816541
1480975876872
1480975950166
1480975957680
1480976060891
1480973099927
1480973115782
1480971033046
1480983730976
1480983747114
1480972963822
1481010786177
1481033785437
1481033835393
1481033852482
1481022792265
1481022845855
1480979566576
1480979657494
1480979712812
1480979775558
1480979829038
1480968025631
1480968146223
1481016425772
1481016564030
1480959979371
1480960073895
1481032223798
1480953020990
1480953121408
1481021563723
1481021637589
1481021758644
1481021759401
1481028122075
1481028130803
1481028133371
1481028134891
1481028136445
1481028137182
1481028141390
1481028143723
1481028150869
1481028153179
1480966470970
1480966476546
1480966615644
1480966636707
1480966640754
1480968263173
1480968308510
1480968316303
1480968332303
1481013163593
1481013460093
1481033475001
1481023654652
1481023725246
1481023953379
1481023960664
1481028537046
1481028539805
1481028694548
1480968637490
1480968685744
1480953295463
1480953314136
1480953507278
1480953556493
1480953565273
1480975626461
1480975667444
1480975724789
1480975790015
1480953682468
1480953719522
1480953727693
1480997198079
1480959136957
1480981401370
1480981778396
1480982008200
1480954257003
1480970414561
1480970415919
1481011760246
1480967607018
1480960261757
1480960402559
1480971489499
1480971707687
1480977485172
1480977595628
1481033963915
1481033983069
1481034105804
1481001195126
1481001266534
1481001604570
1480969326741
1480969389079
1480969515861
1480969543779
1480976199712
1480976235270
1480970534216
1480970569178
1481015901221
1481015945334
1481015952009
1481016142241
1480977985453
1481012250828
1481029720975
1481029708170
1481029724694
1480962355029
1481020805080
1481020843892
1481020901216
1481020918375
1481006989508
1481024540239
1481024724428
1480970142942
1480957951938
1480958019017
1480957592056
1480957830628
1480951719804
1480982917984
1481009914263
1480980045082
1480980486482
1480980505300
1481029821930
1481029847033
1481029857148
1481030092048
1480952268002
1480950578900
1480950767227
1480950771420
1480976911630
1480976925500
1480977212101
1481001651103
1480951372395
1480951521201
1480951607780
1480973374639
1480973451835
1481012716717
1481015130227
1480966136618
1480966287304
1480952336203
1480952398465
1480952439803
1480952443044
1481018353967
1481018353904
1481018528574
1481019204188
1481019449489
1481019567110
1481019574588
1481019575745
1480952861075
1480952867327
1480952869768
1481030610558
1480954032893
1480978978126
1480979092784
1480979178617
1480979240320
1480979343050
1480979423897
1480967277624
1480967385300
1480967515601
1480958804548
1480976844396
1480976855389
1481011348870
1481009106406
1481009461963
1481009469977
1480967045140
1480967089569
1480967166037
1480967191590
1480967192798
1480967203089
1481030237685
1481030253632
1481030284596
1480975047922
1480973630047
1481019689298
1481019984297
1481014537852
1481014595040
1480969073306
1480969233468
1480967837096
1481016766810
1481016986754
1480965091635
1480965133737
1481032989868
1481032996341
1481033007508
1481004065047
1481004118476
1481004178952
1481004568227
1481004575392
1481004582626
1480951088511
1480951121504
1480951151690
1480951238941
1480951295751
1481029008085
1480950347568
1480950417224
1481026366433
1481018635714
1481018861462
1480971230404
1480974298266
1480974305062
1480974308186
1480974308713
1481023201359
1481023479978
1481023536285
1480974391716
1480974511629
1480974550904
1480974552984
1481020090793
1481020226115
1481020365654
1481020385715
1480980823046
1480980941056
1480980942012
1480980982601
1480980983431
1480980986856
1480981001045
1480981048703
1481026761247
1481026773719
1481026882425
1481034601683
1481034760038
1481034773864
1481034811588
1480971834269
1480971930724
1480971982559
1480971983756
1480950051804
1481008608850
1480975383931
1480975443981
1480975460641
1481018137869
1481018150885
1480954563678
1480954569436
1480954682767
1480954791810
1480954855862
1480960604695
1480960622812
1480960637491
1480960644748
1480960706336
1481025603447
1481017204790
1481017442427
1481017612461
1481017654060
1481021005646
1481021175761
1481021180398
1481021213717
1481035290895
1481035566233
1480957330847
1481036290987
1481027298281
1481027304322
1481027477497
1481035119209
1480970755488
1480970819867
1480970891838
1480962610633
1480962614777
1480962617045
1480962620531
1481004830542
1481004836863
1481004843188
1481005480438
1481005482340
1481005492332
1481005498219
1481003819786
1481003836108
1481014681590
1481015006414
1480966734059
1480966734392
1480966884427
1481005577097
1481005655120
1481032575201
1481032742957
1481034413544
1481034419989
1480974652845
1480974730934
1480974787675
1480974816731
1480974818661
1480172561594
1480172764615
1480172766274
1480179398392
1480179442294
1480179500617
1480179507930
1480179509240
1480179517452
1480179606423
1480179638113
1480179640682
1480179646949
1480179684171
1480253467528
1480253497362
1480253506461
1480253508181
1480253513943
1480253522661
1480253528515
1480253532629
1480253536229
1480253542206
1480253544529
1480253546874
1480253552423
1480253557464
1480253562531
1480253572696
1480253576628
1480253582111
1480253585673
1480202455235
1480202618979
1480240874679
1480241105463
1480241202192
1480187725295
1480246430160
1480246436704
1480197916051
1480198015580
1480238878098
1480239081852
1480239153335
1480247198977
1480247271187
1480247388110
1480247481581
1480189639985
1480189701595
1480189756886
1480189810755
1480189841774
1480224392008
1480225644966
1480186449334
1480186531997
1480254960552
1480255110988
1480181114823
1480181147685
1480181153256
1480181167504
1480181177104
1480181191468
1480181260225
1480173369541
1480183533629
1480183636531
1480183669190
1480183789042
1480186790126
1480186921144
1480190207106
1480190312707
1480190350744
1480190362063
1480190445851
1480190497131
1480236430989
1480236453860
1480236501206
1480236705575
1480236723276
1480182773102
1480182775588
1480182845533
1480182903958
1480183002432
1480183055428
1480183088187
1480174299507
1480174633909
1480174656756
1480177122939
1480177228541
1480177231642
1480244883020
1480245021062
1480245083781
1480245090240
1480247660544
1480247669099
1480247692766
1480247706738
1480247716595
1480247867910
1480255431476
1480255474880
1480255484061
1480255562368
1480241254198
1480241280007
1480241324839
1480241365198
1480241487074
1480237039701
1480237050727
1480237166976
1480256010228
1480235930562
1480236094619
1480246839340
1480247047638
1480190610231
1480190615446
1480190724344
1480190806498
1480183967245
1480184249221
1480248354318
1480248450556
1480248490287
1480248534604
1480248579118
1480248597298
1480181350640
1480181373911
1480181416088
1480181528961
1480243695057
1480243797893
1480243838993
1480252534103
1480252581653
1480252773761
1480178176570
1480178205862
1480178271953
1480178272636
1480178356264
1480178387638
1480178388221
1480178408885
1480178454455
1480178544549
1480232751467
1480232767005
1480232771517
1480174921400
1480175068023
1480171934347
1480172060396
1480172155476
1480172161390
1480172162111
1480172183313
1480197658186
1480174172615
1480237467112
1480188192551
1480172368798
1480172501574
1480181726950
1480181769272
1480181835617
1480181882521
1480177428067
1480177489400
1480177542457
1480177584902
1480177681624
1480184441855
1480184492337
1480184586856
1480256840850
1480256878880
1480256991261
1480257003754
1480257014078
1480257057760
1480189979713
1480190025878
1480190048083
1480190111504
1480190129004
1480190190123
1480227868222
1480228033876
1480228073619
1480228894728
1480239384600
1480239561846
1480182461304
1480182507361
1480182661809
1480182672783
1480178955190
1480178966460
1480179222518
1480231343942
1480231957021
1480248664199
1480248844673
1480188449344
1480188559040
1480188568460
1480188765743
1480249913520
1480250111214
1480251153112
1480251179115
1480251229302
1480182045274
1480242202220
1480242288468
1480176243007
1480176454565
1480176483819
1480176500577
1480176524533
1480175493929
1480175502048
1480175542960
1480175546722
1480175581040
1480175716430
1480175809978
1480235340239
1480244198122
1480187604975
1480187654036
1480234569021
1480234607077
1480239934301
1480249781083
1480177843815
1480177847515
1480177876782
1480178087934
1480178091764
1480178094391
1480178109081
1480256712713
1480256779715
1480255763647
1480255811672
1480255828282
1480255902091
1480223108845
1480223339392
1480247918190
1480248111947
1480248176987
1480254776801
1480254825792
1480235550719
1480235713132
1480250864180
1480191976537
1480191987148
1480192185568
1480192291914
1480192295964
1480192333169
1480180099557
1480180110536
1480180110605
1480180112459
1480180199377
1480180207562
1480180228936
1480180289202
1480180324275
1480180390573
1480180447698
1480180450350
1480194530917
1480194793870
1480242493192
1480242600751
1480242601500
1480242798564
1480242842640
1480178664453
1480178760403
1480178790898
1480178917082
1480199803243
1480185840339
1480185938128
1480172984368
1480173006733
1480173046185
1480173204528
1480170756744
1480185658102
1480185677405
1480185794493
1480244449299
1480244475370
1480244601206
1480244619921
1480244646980
1480244679553
1480244698840
1480246246003
1480240801818
1480252268792
1480252361602
1480233788858
1480233954349
1480234100958
1480196564346
1480180820287
1480180832020
1480180876671
1480196805398
1480196897161
1480194378776
1480194872245
1480195035621
1480195167249
1480229361961
1480229724400
1480230057354
1480245891657
1480193492208
1480256256961
1480241701253
1480241747915
1480242067410
1480187147342
1480187278741
1480253682345
1480201393402
1480243078882
1480189226673
1480189239863
1480189300770
1480189333883
1480189496211
1480189510423
1480189549513
1480188998371
1480189056532
1480189075212
1480189076078
1480171447592
1480171461785
1480171468516
1480171524669
1480238526301
1480238535450
1480238621577
1480238628343
1480238728846
1480193248813
1480198958051
1480199023859
1480199076039
1480199110197
1480199247741
1480199329434
1480192368907
1480192554985
1480192667824
1480192674344
1480205179981
1480205438702
1480205485460
1480197304052
1480201002123
1480171554826
1480171701694
1480171756712
1480249290526
1480250306769
1480251481633
1480251504530
1480251517640
1480251523241
1480251537637
1480251557258
1480251583315
1480251694660
1480251702149
1480191743145
1480191871378
1480198901644
1480200512241
1480190876848
1480190964099
1480255316393
1480255372071
1480255379594
1480195448018
1480201732818
1480201866703
1480201904856
1480179704463
1480179707153
1480179707461
1480179743738
1480179930684
1480179972799
1480179996689
1480180037725
1480180043415
1480180076626
1480176872153
1480176880095
1480203100187
1480243290518
1480243322087
1480243378228
1480243386786
1480243418815
1480243473454
1480243507576
1480243553249
1480243561002
1480243605441
1480245248712
1480245341017
1480245343024
1480245349610
1480245352315
1480245360987
1480245363152
1480245507681
1480237874135
1480237883903
1480237988507
1480237989643
1480238019387
1480238064982
1480184947825
1480185036998
1480198208272
1480198264563
1480232999797
1480233417386
1480175131738
1480175139505
1480175391871
1480175463650
1480183198229
1480183258485
1480183321552
1480183412637
1480183475778
1480252821099
1480252825166
1480252885140
1480253040507
1480253123021
1480253134771
1480195957996
1480196188582
1480196257909
1480185252533
1480185264418
1480185297265
1480253202441
1480253309159
1480626494600
1480626538221
1480626546449
1480626600815
1480622946559
1480623009792
1480683848865
1480671364124
1480671364308
1480671371226
1480671387979
1480671440588
1480671459001
1480671469012
1480671488822
1480671516922
1480671520781
1480671541464
1480671546978
1480671555763
1480671569911
1480671573062
1480671582367
1480671595113
1480671665129
1480635295266
1480635395340
1480634384240
1480681908452
1480681928234
1480628838037
1480628844522
1480628852784
1480628864556
1480628985664
1480668565573
1480668568864
1480668612789
1480668618816
1480668665368
1480668695268
1480668755380
1480668759175
1480668801219
1480668890553
1480668994666
1480669048209
1480664315398
1480664325960
1480664328014
1480664333015
1480664351053
1480664360024
1480664429346
1480664680670
1480664729578
1480609452494
1480609462216
1480609480880
1480609636664
1480609642958
1480609729362
1480635742411
1480636139477
1480636155151
1480636197268
1480636418480
1480684777209
1480684793217
1480684798080
1480626369263
1480687547124
1480687610824
1480687644331
1480687669642
1480638572540
1480638849703
1480638940767
1480638949403
1480612611896
1480612650093
1480612660793
1480612829631
1480612891393
1480681470508
1480681577193
1480681661165
1480605058476
1480605068295
1480605125669
1480605163499
1480605241959
1480605372195
1480661831770
1480661957017
1480662124349
1480662204255
1480662207103
1480613944083
1480614104478
1480614259669
1480614266795
1480626093521
1480626101006
1480626194289
1480632417301
1480632424094
1480623504207
1480623560645
1480618403746
1480618525291
1480606423719
1480606496287
1480629603863
1480629607069
1480629608658
1480629727465
1480619666570
1480619713797
1480619723928
1480619735649
1480619774537
1480619792809
1480619797096
1480619898598
1480671812526
1480671885952
1480671929499
1480671994089
1480672153276
1480627678768
1480627780199
1480616781376
1480616790126
1480616851048
1480616902413
1480616926211
1480608052457
1480625955639
1480626063637
1480630162379
1480630226153
1480659246508
1480614324410
1480614367843
1480614385958
1480614422091
1480614525444
1480614585373
1480614615089
1480603390837
1480603538991
1480603542499
1480603545493
1480676333974
1480676383455
1480676468535
1480676513493
1480676523426
1480676626415
1480676630496
1480684063827
1480612949211
1480612958257
1480612964411
1480613098140
1480613109937
1480613130833
1480613177583
1480680686458
1480680762715
1480680971003
1480680996804
1480666520869
1480666590976
1480666619378
1480666625111
1480667024379
1480617832715
1480617858026
1480617870614
1480618046819
1480622213168
1480622223366
1480622237744
1480622245484
1480622286236
1480631990277
1480637598414
1480656908674
1480618587729
1480618609151
1480618611776
1480618621593
1480618692123
1480618742993
1480618784425
1480618829182
1480618850831
1480615063541
1480615119445
1480637262714
1480684361333
1480684625756
1480605793076
1480605861916
1480605864443
1480605886201
1480605942099
1480605943903
1480605944123
1480605974269
1480605980453
1480680352845
1480680449103
1480680571471
1480680595547
1480617154041
1480617285746
1480617308663
1480617318433
1480617321870
1480617350756
1480617353034
1480617367027
1480617405146
1480617407878
1480619913860
1480610222741
1480610226156
1480610237685
1480610262666
1480610368785
1480610372956
1480610378526
1480604002704
1480622024936
1480622075202
1480608328111
1480608436283
1480608475171
1480603639954
1480603750688
1480624116081
1480665049645
1480665168408
1480665175463
1480665185744
1480665246655
1480665356058
1480665363640
1480665370812
1480665379008
1480665402717
1480665420881
1480665433606
1480665443769
1480633651851
1480633673805
1480633823678
1480633826807
1480633847580
1480675053321
1480675120105
1480675173611
1480675173848
1480675176453
1480675192047
1480675194369
1480675212847
1480675219028
1480675219286
1480675243094
1480675379522
1480675385315
1480616051938
1480616063176
1480616129291
1480616159434
1480616175227
1480616196456
1480616210706
1480616356589
1480667127312
1480667543765
1480604848202
1480604892278
1480604999825
1480673923598
1480674206224
1480674235698
1480685326017
1480685327992
1480685470748
1480685109953
1480685196674
1480685196789
1480685274996
1480630601167
1480630660548
1480630664538
1480630806599
1480630810227
1480630813525
1480615771805
1480615801252
1480615852204
1480615864901
1480615955008
1480616007926
1480616010412
1480616027377
1480609757027
1480609801166
1480609826379
1480609838572
1480609858136
1480609878170
1480609894877
1480609926419
1480609929414
1480610047599
1480670857412
1480670858795
1480670945236
1480670947292
1480671009497
1480671032123
1480671059829
1480671068881
1480671075880
1480671154146
1480671156113
1480671169396
1480671178040
1480671199902
1480671255368
1480671272182
1480613598188
1480613602261
1480613638203
1480633852440
1480634108773
1480634122607
1480634134284
1480634272571
1480634370679
1480618961623
1480619016157
1480619127970
1480620585451
1480620671991
1480673102514
1480673151313
1480673153598
1480673240500
1480673306360
1480673388186
1480688090886
1480657489031
1480667588239
1480667984081
1480668007223
1480633076698
1480686291426
1480686405314
1480686418860
1480686453887
1480686454680
1480686490443
1480686520301
1480686533227
1480686538046
1480686540018
1480686558848
1480666138567
1480666143022
1480666158892
1480666332612
1480666427070
1480674658378
1480674682763
1480674690123
1480674699038
1480674705598
1480674706980
1480674728294
1480674737134
1480674753556
1480674758302
1480674767440
1480674781930
1480674804720
1480674972594
1480675016601
1480675022055
1480628580640
1480628686693
1480628710262
1480628715140
1480628718743
1480628721928
1480628738847
1480628739422
1480628775003
1480624451203
1480688953893
1480679127398
1480679147946
1480679170325
1480679171693
1480679173604
1480679202107
1480679204260
1480679213796
1480679241233
1480679289721
1480679304472
1480679325377
1480679353843
1480679415146
1480679436297
1480679487678
1480663080167
1480663134326
1480663249181
1480663276031
1480663465741
1480663546368
1480663628251
1480663666524
1480628366334
1480628379890
1480628389804
1480628412030
1480628464805
1480628479915
1480628530247
1480628533765
1480628205430
1480620291708
1480620345092
1480610906598
1480610993289
1480611086235
1480611127840
1480611132216
1480609033320
1480609047685
1480609130273
1480609227970
1480609230112
1480609259309
1480609307436
1480609308847
1480609312854
1480609377326
1480670413577
1480670428378
1480670461666
1480670563383
1480670618957
1480670663260
1480670674933
1480670732017
1480670783645
1480670787173
1480670823488
1480658336819
1480658688309
1480610562236
1480610566707
1480610798598
1480623616051
1480623634038
1480623706389
1480623768878
1480686904088
1480686980071
1480687037247
1480687157487
1480626674694
1480626673901
1480625202317
1480625216670
1480625330293
1480607015479
1480607040966
1480607065301
1480607187750
1480607215664
1480629328038
1480629334157
1480629413628
1480612222218
1480612246163
1480612385652
1480612390050
1480612399340
1480612461873
1480669081918
1480669133825
1480669139238
1480669146528
1480669188566
1480669267127
1480669303622
1480686584886
1480686598395
1480686820741
1480686890622
1480629107093
1480631220482
1480672669682
1480672677137
1480672688540
1480672702628
1480672704286
1480672739503
1480672740335
1480672742038
1480672747496
1480672783654
1480672821641
1480672950600
1480672959195
1480672978869
1480679549691
1480679604052
1480679609009
1480679626188
1480679628680
1480679637168
1480679639587
1480679699194
1480679704146
1480679801498
1480679826576
1480679920377
1480679923713
1480681109344
1480681109491
1480681217394
1480681268516
1480681404716
1480686107500
1480659914494
1480660428279
1480604406069
1480604452606
1480604454424
1480604459610
1480604589159
1480676722641
1480676747237
1480676756180
1480676812296
1480676826885
1480676865393
1480676869735
1480676902108
1480677044608
1480677080313
1480677090323
1480619277486
1480619294029
1480665458408
1480665510851
1480665536337
1480665592293
1480665602042
1480665736824
1480665944832
1480627203613
1480627308493
1480627332656
1480627345229
1480627350335
1480627379506
1480627434395
1480678787828
1480678973915
1480679051267
1480679070331
1480630432506
1480630441591
1480672222167
1480672236086
1480672329337
1480672439819
1480672455488
1480688114121
1480688182868
1480688324611
1480688336691
1480689334097
1480689396736
1480689452308
1480689470555
1480689481010
1480607276570
1480607300447
1480607348521
1480607384777
1480607397756
1480607407589
1480607519485
1480607568617
1480616412124
1480616458462
1480616458496
1480616562976
1480616602450
1480678299979
1480678458842
1480678501725
1480678614800
1480607691073
1480607775816
1480607824737
1480607906310
1480607947913
1480607959826
1480683372586
1480683417952
1480683419998
1480683438707
1480683442488
1480683447565
1480683454309
1480683459015
1480683468240
1480683472229
1480683473822
1480683572195
1480629749005
1480629767431
1480629780671
1480629912006
1480625839356
1480632614582
1480611938518
1480612021241
1480612104001
1480612128413
1480612132102
1480683016753
1480683136865
1480683227932
1480683272142
1480683309583
1480683323604
1480677948802
1480677953955
1480677956190
1480677962138
1480677986488
1480678017985
1480678037994
1480678084036
1480678143732
1480678147584
1480678155086
1480678162015
1480678172395
1480678182635
1480678187259
1480678201586
1480627917992
1480627926485
1480627939469
1480627943710
1480627966649
1480628017618
1480628029698
1480628056477
1480679947351
1480679949714
1480679960662
1480679960957
1480680071015
1480680119825
1480680189040
1480680189827
1480680212802
1480680238741
1480606524163
1480606534323
1480606549921
1480606585003
1480606615526
1480606672545
1480606678243
1480606719224
1480606794627
1480626841147
1480626856537
1480626908963
1480627008065
1480621331505
1480621413783
1480621463960
1480673429364
1480673558648
1480673593644
1480673608865
1480673700938
1480687222796
1480687238749
1480687266078
1480687275182
1480687301058
1480687371565
1480687406773
1480631572749
1480675928170
1480675959025
1480675972701
1480675973187
1480676010954
1480676049337
1480676074395
1480676216068
1480676266833
1480662618853
1480662690711
1480662922649
1480663020831
1480663028568
1480682343225
1480682345570
1480682357197
1480682359936
1480682381392
1480682520519
1480677617764
1480677680586
1480677757704
1480677822404
1480621724820
1480624805282
1480624823473
1480624834111
1480663797407
1480663920319
1480664060037
1480624495764
1480624607677
1480624698312
1480613406894
1480677118560
1480677211068
1480677265743
1480677283412
1480677290805
1480677293371
1480677299340
1480677310563
1480677336720
1480677353588
1480677378913
1480689062319
1480689083721
1480689105949
1480689142090
1480689144818
1480689222512
1480614730430
1480614733335
1480614843055
1480614895326
1480614906917
1480614952749
1480685703810
1480685823284
1480624953341
1480625002309
1480668086289
1480668145638
1480668155441
1480668453066
1480668520511
1480668523908
1480625507758
1480625567025
1480625591656
1480688371725
1480688539210
1480688561467
1480688652155
1480605613268
1480605704705
1480611258966
1480611260285
1480611282538
1480611301020
1480611376626
1480611451025
1480611497672
1480627479752
1480627503567
1480627547821
1480627575456
1480627640881
1480627648799
1480631653200
1480611671035
1480611686635
1480611745120
1480611796859
1480669951820
1480615369190
1480615408410
1480615562009
1480670002865
1480670007031
1480670135892
1480670184587
1480670191579
1480670299062
1480670347270
1480689698477
1480689721827
1480689908968
1480675461790
1480675512263
1480675785060
1480675804310
1480675859172
1480608696661
1480608881192
1480608970048
1480608970614
1480609008007
1480674298437
1480674419109
1480674504853
1480674536191
1480674548228
1480674569183
1480661276881
1480661348964
1480661350756
1480661535333
1480661651838
1480661681839
1480629969040
1480629996748
1480630018971
1480630050996
1480622729455
1480622817930
1480710742450
1480710782303
1480699141261
1480699160388
1480699163410
1480699216069
1480699301914
1480699345974
1480699366498
1480699368793
1480765518518
1480765530988
1480765533423
1480696160527
1480696164808
1480696190002
1480696192413
1480774747972
1480712745071
1480712764991
1480712798647
1480712809688
1480712833612
1480712877822
1480719281845
1480719307030
1480719334747
1480713681951
1480702055210
1480702070188
1480702087191
1480702103057
1480702156323
1480702181117
1480702211796
1480702251766
1480702298296
1480702336327
1480754455624
1480754615180
1480756863588
1480756922836
1480757042409
1480757172012
1480699690367
1480699847113
1480776340614
1480776479223
1480769070844
1480769121350
1480769149822
1480769233330
1480769247297
1480747446413
1480696271341
1480696404732
1480696434719
1480696469383
1480758661738
1480758998470
1480709899896
1480709928047
1480709939164
1480709951976
1480710081337
1480714272455
1480714282170
1480714296251
1480714307022
1480714317196
1480714338150
1480714348580
1480714423262
1480714434087
1480711680200
1480711681468
1480711792200
1480711839373
1480702397732
1480702458422
1480702459974
1480702475208
1480702509844
1480702617271
1480723337222
1480748437348
1480749155469
1480761010232
1480761049609
1480761049573
1480761065463
1480761108561
1480761155666
1480720510848
1480720515348
1480720539994
1480768740357
1480768763553
1480768793612
1480768831594
1480768843810
1480706369745
1480765739342
1480765768853
1480765772188
1480765787214
1480765789635
1480765804678
1480765807134
1480765809710
1480765887860
1480765929178
1480766001704
1480766003065
1480719023766
1480719036157
1480719274375
1480757338889
1480771927195
1480772191239
1480700850654
1480773404252
1480773466590
1480773482286
1480773538340
1480707872228
1480707920609
1480707928486
1480749717968
1480693550621
1480707308059
1480707321510
1480707344075
1480707351612
1480707354399
1480773601411
1480773664514
1480773791929
1480698470968
1480698590023
1480698621074
1480698659449
1480698720214
1480770237479
1480770306045
1480770356118
1480770387102
1480712585981
1480712633582
1480712687665
1480712688702
1480712710453
1480712710671
1480751718778
1480766160037
1480766202294
1480766231894
1480766437657
1480775211530
1480701345529
1480701385620
1480752566274
1480753066602
1480753082151
1480700759921
1480710281066
1480710286469
1480710292056
1480718081722
1480718083450
1480718193610
1480718222218
1480718263321
1480718329702
1480718357928
1480718406622
1480772230856
1480772297665
1480772381167
1480772415496
1480772493094
1480697206119
1480697316553
1480697316761
1480697316900
1480697317040
1480697317199
1480697317390
1480697317528
1480697318971
1480697366892
1480697407712
1480691804920
1480691828490
1480691844467
1480709150169
1480709232529
1480709236077
1480695120017
1480695194971
1480695207989
1480700238245
1480700245993
1480700439702
1480700447332
1480691045027
1480691056545
1480691099999
1480691107106
1480691225853
1480691287536
1480691305050
1480691304909
1480691315182
1480691326452
1480698142457
1480698213788
1480698269515
1480698356478
1480714520619
1480714656016
1480714745392
1480714746463
1480775637175
1480775683112
1480775774857
1480775823232
1480712928251
1480712961978
1480712995373
1480713027368
1480713037207
1480713056073
1480713086977
1480704251338
1480704310656
1480704363392
1480704375567
1480704424975
1480717706250
1480717770650
1480717885498
1480717892234
1480717897590
1480717916518
1480717938816
1480717974353
1480718003536
1480718032910
1480718036640
1480754888914
1480755278722
1480755297087
1480707978583
1480708030576
1480708112933
1480708169406
1480710996187
1480711024746
1480711034176
1480711107524
1480711142817
1480769884595
1480769908721
1480769929851
1480769966478
1480770029612
1480770040155
1480699437601
1480699551210
1480774481136
1480774490130
1480701468376
1480701470880
1480701526662
1480701526559
1480701534930
1480701562101
1480697861239
1480697905984
1480697986753
1480698108448
1480764995517
1480765012951
1480765017201
1480765029957
1480765048064
1480765053901
1480770969385
1480771019152
1480771165221
1480712127698
1480712154700
1480712280445
1480712373226
1480705204384
1480705204743
1480705206500
1480773070278
1480709591328
1480709600892
1480709612903
1480709621155
1480709676536
1480711243298
1480711244811
1480711286195
1480711299600
1480711335963
1480711396932
1480703254476
1480703360332
1480703410641
1480703452496
1480703502777
1480703518155
1480758243306
1480741973480
1480742036454
1480724000648
1480724143806
1480709334076
1480709456665
1480715011906
1480715071401
1480715176502
1480715188313
1480763398435
1480763433681
1480721104957
1480721107420
1480721110029
1480744305506
1480759906097
1480755380502
1480755619379
1480755667330
1480755781444
1480696586853
1480696598552
1480696650898
1480717409944
1480717439083
1480717476214
1480717507348
1480689989090
1480690145525
1480690248791
1480761824471
1480761939802
1480762116507
1480690363528
1480690394917
1480705622183
1480705719005
1480705868796
1480691393175
1480691483204
1480691503709
1480691593720
1480691598420
1480691652542
1480759203742
1480759409912
1480768330896
1480768418307
1480692533844
1480692547264
1480692565003
1480692565003
1480692667231
1480692707818
1480700037623
1480700156582
1480773007138
1480773018297
1480773030865
1480773040302
1480704560380
1480704613076
1480704782065
1480704799008
1480704815150
1480704833069
1480704860399
1480720071961
1480720072315
1480720085771
1480720092231
1480720106218
1480720183409
1480753367768
1480753513223
1480694521554
1480694672840
1480694680779
1480694789422
1480713111281
1480713122551
1480713125522
1480713132743
1480713152185
1480713197152
1480713221583
1480713277584
1480705965680
1480706130572
1480706151915
1480706185140
1480706209709
1480761469138
1480761485392
1480761498047
1480712375395
1480712425219
1480712473027
1480712535475
1480712539733
1480712542761
1480712548737
1480708349963
1480708436768
1480708441797
1480716374316
1480716457539
1480716509538
1480716588389
1480716617833
1480716627189
1480716635667
1480714103150
1480703916172
1480703948567
1480704051031
1480704060649
1480704193325
1480695227145
1480695227711
1480695270652
1480695279172
1480695318889
1480695321028
1480695321436
1480695384716
1480695477181
1480710432563
1480710446518
1480710463795
1480710467339
1480710493565
1480710637752
1480710653869
1480710657103
1480693824719
1480693848621
1480693850993
1480693853320
1480693856973
1480715773106
1480701735856
1480701767446
1480701986755
1480702019341
1480706792055
1480706840420
1480706927135
1480706936382
1480755788941
1480755892211
1480690816973
1480690947649
1480690954678
1480690989770
1480771693493
1480771721676
1480771734495
1480771757078
1480771785424
1480762319464
1480762412841
1480752082855
1480694213089
1480694223200
1480694364889
1480731457152
1480731466930
1480731477826
1480731485126
1480731492932
1480731503975
1480731510624
1480731515677
1480731520200
1480731526031
1480731533370
1480731537785
1480731541419
1480731553611
1480760205122
1480760265866
1480760317451
1480760414215
1480774178741
1480756345807
1480756454687
1480764442377
1480692072053
1480692087869
1480692210145
1480717087954
1480717092034
1480717116413
1480717157271
1480717278877
1480717313677
1480717336342
1480708676130
1480708689321
1480708700846
1480697831478
1480715580881
1480715650548
1480703553981
1480703601400
1480703618388
1480703625439
1480703646509
1480703699798
1480703712553
1480703846964
1480693221353
1480693285555
1480693357435
1480693359511
1480693373309
1480693416247
1480772517677
1480772577247
1480772604524
1480772632509
1480772709652
1480773863387
1480773884921
1480773908880
1480774015036
1480711488409
1480711496002
1480711496567
1480711496767
1480711544253
1480711552722
1480711565748
1480711610358
1480711616338
1480718545948
1480713308724
1480713325160
1480713419963
1480713424041
1480713502192
1480708819651
1480708821321
1480708836153
1480708867856
1480762776631
1480763055884
1480763122116
1480707000841
1480707107075
1480707118778
1480707133426
1480707174255
1480707190215
1480707257988
1480707265562
1480716723663
1480716745526
1480716748869
1480716781286
1480716783381
1480716813727
1480716829591
1480716845978
1480716877002
1480716913046
1480716958071
1480702749461
1480702764776
1480702898881
1480702925585
1480764025796
1480764034518
1480764199598
1480764259719
1480764267771
1480750719270
1480750735047
1480715306569
1480715313309
1480715337101
1480715343137
1480715353140
1480753842254
1480753867907
1480769403122
1480769469165
1480716171317
1480716301477
1480716327070
1480716350483
1480716357990
1480716362574
1480760528296
1480760547892
1480711891065
1480711904583
1480711964229
1480712020432
1480712041975
1480712043896
1480712063467
1480712088554
1480712107748
1480775389460
1480775436148
1480702950064
1480702965086
1480703069316
1480703086445
1480703087304
1480703171839
1480703177795
1480776107358
1480776133070
1480776140362
1480776151351
1480695794110
1480695930221
1480746084505
1480746118402
1480746260959
1480746266441
1480746327793
1480746373996
1480746392010
1480746408441
1480766518556
1480766726399
1480766906211
1480721396460
1480721426121
1480721472599
1480721624797
1480698765293
1480698969763
1480338753441
1480338758783
1480338802290
1480338811279
1480338825181
1480339003991
1480339074316
1480335110107
1480335147822
1480335182799
1480335330875
1480335347199
1480335522080
1480335534631
1480258158680
1480258234389
1480338070923
1480338092006
1480258835152
1480281086608
1480281160706
1480281188027
1480281313920
1480339413812
1480339424910
1480339717678
1480323392491
1480323492624
1480273693211
1480273750538
1480259907068
1480259909846
1480328335061
1480328381168
1480263495960
1480263817962
1480284177597
1480284391764
1480284439465
1480324791211
1480324839779
1480324841947
1480324933588
1480274142296
1480274167687
1480274228908
1480274261140
1480274305242
1480269583353
1480339845537
1480339896436
1480339937215
1480339946757
1480340024843
1480326825051
1480326828737
1480327045958
1480312582917
1480312683478
1480340465793
1480340510524
1480340590271
1480340615979
1480340708263
1480259665931
1480262616500
1480262643542
1480262691716
1480262729383
1480262747890
1480262755573
1480262789347
1480262825778
1480258895569
1480258990392
1480259024352
1480259076160
1480264220255
1480264486139
1480273945016
1480273993952
1480274044059
1480278789714
1480278806463
1480278808973
1480329221462
1480329231228
1480334385079
1480334392259
1480334399843
1480334404938
1480334405389
1480334422948
1480334435801
1480334447756
1480334475427
1480334577321
1480283219862
1480267235040
1480277275020
1480277418462
1480277535979
1480281010166
1480281032708
1480339094745
1480339184465
1480339185494
1480339218614
1480339297381
1480339309448
1480339340550
1480339372283
1480280413028
1480280510321
1480332979308
1480333013917
1480333119592
1480333192461
1480333225702
1480309340768
1480276747737
1480276872567
1480276959952
1480261810655
1480261895824
1480261999092
1480278325218
1480278358374
1480278360234
1480257994521
1480283670194
1480283830660
1480283875562
1480342353975
1480342395910
1480342577248
1480284468744
1480286668668
1480286900148
1480286995641
1480287060242
1480278456634
1480278509973
1480270931085
1480271085719
1480271106097
1480335004469
1480335108551
1480279377809
1480321755394
1480321774270
1480332540352
1480332577324
1480332656097
1480332681004
1480332844373
1480332909894
1480332913900
1480332952247
1480274949535
1480275072079
1480275126433
1480275193359
1480332252492
1480332260101
1480332267979
1480332274571
1480332281703
1480332303877
1480332400725
1480332408310
1480332476009
1480336182484
1480336268842
1480336280739
1480336285492
1480282558889
1480282580167
1480319664223
1480319737037
1480319979635
1480319985322
1480320066867
1480320098802
1480320111935
1480320206293
1480277875356
1480278012474
1480278030198
1480278066582
1480268040894
1480268108645
1480331182881
1480331218852
1480331566620
1480321993866
1480322026241
1480322035752
1480322042967
1480322060031
1480322080313
1480322139404
1480322285914
1480322366823
1480322440202
1480269923231
1480337463264
1480337503119
1480337533311
1480290487933
1480290706073
1480287735768
1480262042324
1480262042583
1480262062354
1480262087222
1480262093528
1480262096073
1480262097939
1480262104220
1480262109210
1480262173707
1480262207516
1480262299617
1480262341806
1480262343244
1480316529190
1480316582584
1480316611777
1480316765725
1480317002398
1480316386405
1480259145984
1480333499900
1480333537494
1480283440457
1480314327702
1480314373398
1480314540528
1480314543269
1480314549771
1480314552740
1480314555189
1480314559470
1480314563588
1480314565669
1480314571418
1480314574129
1480314576827
1480314874641
1480314977710
1480270482061
1480270561029
1480270764322
1480281623173
1480279527064
1480275915230
1480318666548
1480318920246
1480319089553
1480319124799
1480257571819
1480257647855
1480257666902
1480257684572
1480325807004
1480326088214
1480333841500
1480333965037
1480333998050
1480334015809
1480334143149
1480330007690
1480330186804
1480330251734
1480271159994
1480271320555
1480271399534
1480271474370
1480268310786
1480268419563
1480266572838
1480266636399
1480266639553
1480266663529
1480275223432
1480275245618
1480275267771
1480275444462
1480288476511
1480343281171
1480343310922
1480343317714
1480289966442
1480325189958
1480325262665
1480325315967
1480325324299
1480325328916
1480325333725
1480280784476
1480272139795
1480272407295
1480327250056
1480327276909
1480327288366
1480327458811
1480327515468
1480327550857
1480327550945
1480327562125
1480327563469
1480342661439
1480342669390
1480342670114
1480342676632
1480342763498
1480342834208
1480342843602
1480294291633
1480340820555
1480340890553
1480341028911
1480341056741
1480279923873
1480279936049
1480279941324
1480279944292
1480279953260
1480279958962
1480274428739
1480274431355
1480274432252
1480274488538
1480274638176
1480271861348
1480271903778
1480271986082
1480263197514
1480263243720
1480263291806
1480263472997
1480336847874
1480336941720
1480336969311
1480336992395
1480336996270
1480337057153
1480337088210
1480330328640
1480330355094
1480330388357
1480330521801
1480330532336
1480330566096
1480330580105
1480330583322
1480275748587
1480289329448
1480260122251
1480260267484
1480293376142
1480341158162
1480341284016
1480341317630
1480261387703
1480261498748
1480261509045
1480261564946
1480261564476
1480261625514
1480274830699
1480274832982
1480274857083
1480274935446
1480330766346
1480330966488
1480331080373
1480331118579
1480267660854
1480267853375
1480267918119
1480285221130
1480271500584
1480271593004
1480271679407
1480271681470
1480271785860
1480285420661
1480335598524
1480335606496
1480335647694
1480335754090
1480335765722
1480335898257
1480335900785
1480335973169
1480278922767
1480278942574
1480260656856
1480265676818
1480265756561
1480265841008
1480265893149
1480287291090
1480287410737
1480287440962
1480319193717
1480319252414
1480319339558
1480319459595
1480319502836
1480319605509
1480319647546
1480315512152
1480315612308
1480315627230
1480341779905
1480341837643
1480341919976
1480341966395
1480277606412
1480277623846
1480277671601
1480277721984
1480337652866
1480337977822
1480258426449
1480258556365
1480276220669
1480265981939
1480265987525
1480265992176
1480266022052
1480266111007
1480266140451
1480266174425
1480338633014
1480310975994
1480342062426
1480342098581
1480342128289
1480283888875
1480277093324
1480324147849
1480324221892
1480324398024
1480324490588
1480262860437
1480262903825
1480262974045
1480263002583
1480263010748
1480263038048
1480263109058
1480263146619
1480326232932
1480326406306
1480326570829
1480328515381
1480328808535
1480328915332
1480284927756
1480320471274
1480320776229
1480257149821
1480257212584
1480257255174
1480323702241
1480323732240
1480323751766
1480323789347
1480323836835
1480323876580
1480323902660
1480324031768
1480264864193
1480265077619
1480265104268
1480321369641
1480321372115
1480321375648
1480321378463
1480321380082
1480321383053
1480273190762
1480273220496
1480273274723
1480273297636
1480273349176
1480273414637
1480273433426
1480276478088
1480276608099
1480282698756
1480282811565
1480282874530
1480282886133
1480280233947
1480280336765
1480280340966
1480280353769
1480280360955
1480341385674
1480341445424
1480341451912
1480341487753
1480341536435
1480341669858
1480281431175
1480266982771
1480267214814
1480331676453
1480331841633
1480331882580
1480331901817
1480331921968
1480332026848
1480336419171
1480336506682
1480336588536
1480336674345
1480336698201
1480262359947
1480262382072
1480262420820
1480262461299
1480262497040
1480262537659
1480262570085
1480272843072
1480273016240
1480273046794
1480273047562
1480273083564
1480273093791
1480273115057
1480273116578
1480327777852
1480327796898
1480327799838
1480327804648
1480327810753
1480327817778
1480327876927
1480328016715
1480340096747
1480340158319
1480340204750
1480340262062
1480340270852
1480340391320
1480322568951
1480322579747
1480322719579
1480322766360
1480322848485
1480317970777
1480318035572
1480318135642
1480261209234
1480261249940
1480317269565
1480317829990
1480329452619
1480329523842
1480329554367
1480329694672
1480329808455
1480329835613
1480342880426
1480342956519
1480343068920
1480343124650
1480900240381
1480900435006
1480900626240
1480900666467
1480900766701
1480900805717
1480929355084
1480927057915
1480886657356
1480872502263
1480940841682
1480941088503
1480941113735
1480876117383
1480876174424
1480876376971
1480923952850
1480926081316
1480926140770
1480926353584
1480926381299
1480926406895
1480939207166
1480939238218
1480939241837
1480939289715
1480939302933
1480943530261
1480943629498
1480947139758
1480947159478
1480947235247
1480947348328
1480947387348
1480947387872
1480874880851
1480875058938
1480888211521
1480933637034
1480933742151
1480933756192
1480887893942
1480887995910
1480922694243
1480872730920
1480872732429
1480872821495
1480875447668
1480893392859
1480895308697
1480895312524
1480895344589
1480884863692
1480925092815
1480887659889
1480894128137
1480894138617
1480946596121
1480894261929
1480894381650
1480872034609
1480872046794
1480872064161
1480870217754
1480928918713
1480928943927
1480928961650
1480939386344
1480939394286
1480939466864
1480939487283
1480939655430
1480939666849
1480924502208
1480924543465
1480924439109
1480943757636
1480943765146
1480943924320
1480894399074
1480894446908
1480894450298
1480894472887
1480893608807
1480882272478
1480947444894
1480947453635
1480947622551
1480896849804
1480896869329
1480896877565
1480896909322
1480897082567
1480920234979
1480920246137
1480869871797
1480869877313
1480889282332
1480889817457
1480889888334
1480889956822
1480933027668
1480933050531
1480870567452
1480870592408
1480870623479
1480870641145
1480890449713
1480937368622
1480890197175
1480890236294
1480878401615
1480935044672
1480935090291
1480935107459
1480935211869
1480935222599
1480935810801
1480935829129
1480935915377
1480935920793
1480936111602
1480886815168
1480871379957
1480871394604
1480871471011
1480871498869
1480888896228
1480895664844
1480895697970
1480895702153
1480895725050
1480895745244
1480895748699
1480895798101
1480895831816
1480895835987
1480895863545
1480889620327
1480889639629
1480887568549
1480887573696
1480864725776
1480936534420
1480936743385
1480871234233
1480932247577
1480932275641
1480897184954
1480897207932
1480897259364
1480897367857
1480870654254
1480870829429
1480934708162
1480934713010
1480934761131
1480934785941
1480934876315
1480899096579
1480899195976
1480871576959
1480871787321
1480874005807
1480874044439
1480874088596
1480874096130
1480934342003
1480934344150
1480934441981
1480934446360
1480892676122
1480892690394
1480892739610
1480892794620
1480898155320
1480898190905
1480898325980
1480898409470
1480898502555
1480898574057
1480873632307
1480873640158
1480933961770
1480934039991
1480934076199
1480863726492
1480938360991
1480919291634
1480919756453
1480931379123
1480931509562
1480900936159
1480900978041
1480901038315
1480901050210
1480901098023
1480901228809
1480901341922
1480901435730
1480901473824
1480876537717
1480876633387
1480876640556
1480876688103
1480876703182
1480883654107
1480883675462
1480899618628
1480899805615
1480899910449
1480899965322
1480899975193
1480900175580
1480893813483
1480868820769
1480948079685
1480948098713
1480948138552
1480938084457
1480938204993
1480938328475
1480896644619
1480896659153
1480896823515
1480898663134
1480898713702
1480898752828
1480898920337
1480898964679
1480898973970
1480875128109
1480875218800
1480875286809
1480925982029
1480926035911
1480896347489
1480896354558
1480896354870
1480896369861
1480896384198
1480896458177
1480896494041
1480896560347
1480875905329
1480895988571
1480896023338
1480887158752
1480869149127
1480869196949
1480869358566
1480920636406
1480920651080
1480920654347
1480931141194
1480931168251
1480931212564
1480931219489
1480865402916
1480903675919
1480930647689
1480930789312
1480930873597
1480939859952
1480939927014
1480928152896
1480928356265
1480944732214
1480944541642
1480864992469
1480865029092
1480869383532
1480869489243
1480869558508
1480869639795
1480869665746
1480869674714
1480877061625
1480877218774
1480877222467
1480877232548
1480889416435
1480933263677
1480933299885
1480933483303
1480882338777
1480882507656
1480881887020
1480881897340
1480948916744
1480949060218
1480894952669
1480894973807
1480894986025
1480894989947
1480878731454
1480878746631
1480878915385
1480930071527
1480930081546
1480930091114
1480930111825
1480930116575
1480876722752
1480876915056
1480876925549
1480876976993
1480876997821
1480932490589
1480932706496
1480932725268
1480932740128
1480932758467
1480932772959
1480901643452
1480901740833
1480901775152
1480901896673
1480901990665
1480902053886
1480902054365
1480902135616
1480947727802
1480947804508
1480947880771
1480895148328
1480895231354
1480923355024
1480897782447
1480897802112
1480897841457
1480897992164
1480898095606
1480935445391
1480935490164
1480935740024
1480868635176
1480868637632
1480868712641
1480945606788
1480945691452
1480943339752
1480943354634
1480943383600
1480943443419
1480897457511
1480897473071
1480897490222
1480897724110
1480897731724
1480937041332
1480941291213
1480941371217
1480941456970
1480878195354
1480931839225
1480932017030
1480932081680
1480880517685
1480880525309
1480880537724
1480880544047
1480877366340
1480890887899
1480894714627
1480894729412
1480894754157
1480894781103
1480894846596
1480946528945
1480893982575
1480943049543
1480929755767
1480945039543
1480945039326
1480945143104
1480879056759
1480879084400
1480879085873
1480949163561
1480949178555
1480949192577
1480949236022
1480949258711
1480949368381
1480942652826
1480942785307
1480917536906
1480949415294
1480949501612
1480949514904
1480949540054
1480949602925
1480949628947
1480921671448
1480944096736
1480872829816
1480872831040
1480873103240
1480895542200
1480895542739
1480895565041
1480895579067
1480892811353
1480892812874
1480892848057
1480892855367
1480892915145
1480892918939
1480892921742
1480892949793
1480945301184
1480945340685
1480937631769
1480937923894
1480896092854
1480896131799
1480896184511
1480896258444
1480896269309
1480920897461
1480920922099
1480921286061
1480946870576
1480946963424
1480947002245
1480947048103
1480947062659
1480879755448
1480879834339
1480879849184
1480879901146
1480865863975
1480865923626
1480941878467
1480941893832
1480913427924
1480349331348
1480349332676
1480349665078
1480355061382
1480355195189
1480355281043
1480355299977
1480355312145
1480355332325
1480355338543
1480355340730
1480355349303
1480355350467
1480355359888
1480355361103
1480408411008
1480368749859
1480366212523
1480366244887
1480366253740
1480345653116
1480345664485
1480345745372
1480345772109
1480365731890
1480365737857
1480365740587
1480423253825
1480423470609
1480422179894
1480419179824
1480419218900
1480419245188
1480419248856
1480419261106
1480419350964
1480419468503
1480419476079
1480419516196
1480419519335
1480419553843
1480345293067
1480345323583
1480345370869
1480345370929
1480366040387
1480422520660
1480422555709
1480414123283
1480414204185
1480414223301
1480414493485
1480429863730
1480429944771
1480429947641
1480429950521
1480429954139
1480430066216
1480430144711
1480343825876
1480343902991
1480343953844
1480343978394
1480343989635
1480344076246
1480344092635
1480344109255
1480344127573
1480353398988
1480353413837
1480353480184
1480353500843
1480353680502
1480429589239
1480429644841
1480429675013
1480429707234
1480429753805
1480429834809
1480429842661
1480344140097
1480344145612
1480344184119
1480344323245
1480344342751
1480401175276
1480401213752
1480401291638
1480401392714
1480354745411
1480354801465
1480354840743
1480354921309
1480354970898
1480423050940
1480366931593
1480417187101
1480415456291
1480415495991
1480415508015
1480415534449
1480415544428
1480415655761
1480415822227
1480424081905
1480424146869
1480424148379
1480424177160
1480424182173
1480424201054
1480424207139
1480424343759
1480424352400
1480424354775
1480348128604
1480348146830
1480348148290
1480348197861
1480346496395
1480346636293
1480346706798
1480346765437
1480369539865
1480418786976
1480419128234
1480417953622
1480418045906
1480418171219
1480418208145
1480418343042
1480371240503
1480371463240
1480371463508
1480413331723
1480413339401
1480413358972
1480413376445
1480413393589
1480413450613
1480413501327
1480413551509
1480413555722
1480413557662
1480413633791
1480413653260
1480366341803
1480366352295
1480366368619
1480414608926
1480414878361
1480414911503
1480414984469
1480346815811
1480347064061
1480347118600
1480365197383
1480424391941
1480424398672
1480424470838
1480424527129
1480424561286
1480424602004
1480424649618
1480375206503
1480375262886
1480402315357
1480402368021
1480402459472
1480354309082
1480354323708
1480363195537
1480363203933
1480363273130
1480363280380
1480363322553
1480363325368
1480363343580
1480363345825
1480370493818
1480404172371
1480404319419
1480404406363
1480404414040
1480404605272
1480393952290
1480407672134
1480407908383
1480407975154
1480355641107
1480355661706
1480360114538
1480360202643
1480360210111
1480360223900
1480360338087
1480377792228
1480401730486
1480406531373
1480406546331
1480406558716
1480406951274
1480416339088
1480416437640
1480416455217
1480416534593
1480416563026
1480416595960
1480416608092
1480416616195
1480416658363
1480412004162
1480412037036
1480412141423
1480412167296
1480412326776
1480374167581
1480359833824
1480359849646
1480359857736
1480359880367
1480359886371
1480360038800
1480360070174
1480360081187
1480418528418
1480418631282
1480418673772
1480418695598
1480356098480
1480377540751
1480377620013
1480377719475
1480377747195
1480349068252
1480349069201
1480349084516
1480349085818
1480349142489
1480349170930
1480349217184
1480349233735
1480349268621
1480349291452
1480349292474
1480357802244
1480357812083
1480357991444
1480358022623
1480348291962
1480348383845
1480348390321
1480348486716
1480428954332
1480428960269
1480429031257
1480429099625
1480429109760
1480429137071
1480429161765
1480423737038
1480423743224
1480423849737
1480423879848
1480423947287
1480423950079
1480423956319
1480423962347
1480423972305
1480423974052
1480423990588
1480423993415
1480353059423
1480403653253
1480403704592
1480403704710
1480404112952
1480419775037
1480346129356
1480346138486
1480346189013
1480346216052
1480346399529
1480346420445
1480408624342
1480408817874
1480415144721
1480415196773
1480415208843
1480415275115
1480415294870
1480415348282
1480380511921
1480360452402
1480360462110
1480360707131
1480360714500
1480360747125
1480375783178
1480375938885
1480376021813
1480376098675
1480367633949
1480367652420
1480367658102
1480424707319
1480424755667
1480424863771
1480424976667
1480424993538
1480352760595
1480352863615
1480352870712
1480352976404
1480353015865
1480356437291
1480356455670
1480356515883
1480349951905
1480350016244
1480355793279
1480355806674
1480355915492
1480355926520
1480371810029
1480347198573
1480347244098
1480347452482
1480365398495
1480365440064
1480365495745
1480365496763
1480365502778
1480411420691
1480411460006
1480411577263
1480411579862
1480411698359
1480411757928
1480411858689
1480426572352
1480426594382
1480426674921
1480421022152
1480421068155
1480362053448
1480362113260
1480362162828
1480362203646
1480362299560
1480362349767
1480415884102
1480415888980
1480416065303
1480416097291
1480416135450
1480416301990
1480425842350
1480425855845
1480425921746
1480357524579
1480357543312
1480357572946
1480357687697
1480367372792
1480354567495
1480354652679
1480362382554
1480362511543
1480362559643
1480405559544
1480405693015
1480405773990
1480368959379
1480426095968
1480426321621
1480351712607
1480351779241
1480351843113
1480351997721
1480361861627
1480361960828
1480361962807
1480344533329
1480344556146
1480344605698
1480344756199
1480368618938
1480353879110
1480353963231
1480353993166
1480354009690
1480354022853
1480354033517
1480428717875
1480428831623
1480428884451
1480428897626
1480357102745
1480357189019
1480357300004
1480357402796
1480357416384
1480409113448
1480409155998
1480409197434
1480409213145
1480409239161
1480409245506
1480409252662
1480409286070
1480409304923
1480409313526
1480409339057
1480409368197
1480409434212
1480427408649
1480427417519
1480427471954
1480427524573
1480427542790
1480427590975
1480427602797
1480427639962
1480427700226
1480347648532
1480347772057
1480347813278
1480347855084
1480417570837
1480417738087
1480413682755
1480413751147
1480413784638
1480413791560
1480372869837
1480372881081
1480372887181
1480372896569
1480372903103
1480373030779
1480373076257
1480373141674
1480373144412
1480373158982
1480373162052
1480372830166
1480372855311
1480420008522
1480420221694
1480420272285
1480420280583
1480420378422
1480350413290
1480350601715
1480356878807
1480357093049
1480407217229
1480407226701
1480407344280
1480409548180
1480409553158
1480409583770
1480409614805
1480409618446
1480409702892
1480409707427
1480409724567
1480409749871
1480409755170
1480409759989
1480409765034
1480409773513
1480409785715
1480409791491
1480409798218
1480409937938
1480409940006
1480409976381
1480409985740
1480351435724
1480351466058
1480351511931
1480351654683
1480406050503
1480406080471
1480406117655
1480406194704
1480406257545
1480406372453
1480406401893
1480406406132
1480406418573
1480362639997
1480362654476
1480362700424
1480362738482
1480362820359
1480362881556
1480362884244
1480363817697
1480361134534
1480361228190
1480399876969
1480399884481
1480399925925
1480399985583
1480399991416
1480399999467
1480400009430
1480400014199
1480400034865
1480400178603
1480400183095
1480351096057
1480351130229
1480421242310
1480421593523
1480410970730
1480411015725
1480411021487
1480411029913
1480411035286
1480411042850
1480411048747
1480411051000
1480411056985
1480411064914
1480411088949
1480411236728
1480411383345
1480411400681
1480411415646
1480343509317
1480343589067
1480343748926
1480427071622
1480427123075
1480427144067
1480427208792
1480427321149
1480427329765
1480427375245
1480364322452
1480404717379
1480404801113
1480404804509
1480404935375
1480404989953
1480405076478
1480405166977
1480405265081
1480358180453
1480358227549
1480358334159
1480427746889
1480427757653
1480427842356
1480427867104
1480427876243
1480427900487
1480427965785
1480427968863
1480428004229
1480428013241
1480360767697
1480360802504
1480360838298
1480360845927
1480361009785
1480361079827
1480361082293
1480370088641
1480425448104
1480425609538
1480425660017
1480428329352
1480428361728
1480428561902
1480374621988
1480374786939
1480426716333
1480426724795
1480426746085
1480426762968
1480426847325
1480426892018
1480426988606
1480363463727
1480363473814
1480363559897
1480363624972
1480363642830
1480363669307
1480364061509
1480364480088
1480364496531
1480364519482
1480364639273
1480364663418
1480416773584
1480416810115
1480416820619
1480416851925
1480416892411
1480416959314
1480416980399
1480417002757
1480417070622
1480417106253
1480417131405
1480417159306
1480417165003
1480413189243
1480413231861
1480359311373
1480410514560
1480410528977
1480410613038
1480410696708
1480410769535
1480410829019
1480410884247
1480358489290
1480358573775
1480358698316
1480358713720
1480358757399
1480429255272
1480429340552
1480429388339
1480429398401
1480429415920
1480429502053
1480350057703
1480350104037
1480350291090
1480350358895
1480412436380
1480412464390
1480412480644
1480412481000
1480412606118
1480412632993
1480412637288
1480412652776
1480412717210
1480352158918
1480364966783
1480392559184
1480392786181
1480410020807
1480410025817
1480410088601
1480410236934
1480410297108
1480410315121
1480410327506
1480410358565
1480361465778
1480361526216
1480361642867
1480361645851
1480359689159
1480359772780
1480350715028
1480350730832
1480351044193
1480351045657
1480403118345
1480403245831
1480403467571
1480428083184
1480428173087
1480428251175
1480428275299
1480428279597
1480848620404
1480848636206
1480848653268
1480848653560
1480848739354
1480848888239
1480852660465
1480850557197
1480850626796
1480836233453
1480836291361
1480789801008
1480780833573
1480780894947
1480780915071
1480780966696
1480781020098
1480787184779
1480801403740
1480801579421
1480845401778
1480845413163
1480845670204
1480855635797
1480855642202
1480855663684
1480855757602
1480855764244
1480855768586
1480855850499
1480846376762
1480787385853
1480787402531
1480787412923
1480787424936
1480835511108
1480835519500
1480835649737
1480861517086
1480861524450
1480861566005
1480861586546
1480806450752
1480806455773
1480790893003
1480791134025
1480791269655
1480788137203
1480788141512
1480788250381
1480788292473
1480777561950
1480777578784
1480777656819
1480797524160
1480797526039
1480797553646
1480792257720
1480792391575
1480784603618
1480784709174
1480784872531
1480779635155
1480856391735
1480856610933
1480788637926
1480783643249
1480801069792
1480801277313
1480796263712
1480796266239
1480852079635
1480801967711
1480783835925
1480783951149
1480784145416
1480859157346
1480859196007
1480779344067
1480786483070
1480786789805
1480843989139
1480844010526
1480844063611
1480858761176
1480844115191
1480844204656
1480844282227
1480844284759
1480844341730
1480844417651
1480844498851
1480849749195
1480849815068
1480849948509
1480850021477
1480851655305
1480851785520
1480848462023
1480789310079
1480789499811
1480805934670
1480854826352
1480842043907
1480850090162
1480850363760
1480850376561
1480833170048
1480833266592
1480833576443
1480833586833
1480854499083
1480854579121
1480854653848
1480854748998
1480781242293
1480781539166
1480781541689
1480781643807
1480860418383
1480860447927
1480860541976
1480860300172
1480858151441
1480858170938
1480858315923
1480778356951
1480778361530
1480778513687
1480778533307
1480849322946
1480849654919
1480849656473
1480803405228
1480803629398
1480803645464
1480803733515
1480829129487
1480829226371
1480790705095
1480790813468
1480782019573
1480812662604
1480857353357
1480857405216
1480847777247
1480847848661
1480847848859
1480847861638
1480847889664
1480847987124
1480847994796
1480799327221
1480799423792
1480840963921
1480856944058
1480853961783
1480859205137
1480859333359
1480859368359
1480859453837
1480859477084
1480842759343
1480851194046
1480851339355
1480776639096
1480838675837
1480862551470
1480797277237
1480797378859
1480840125710
1480840237579
1480840326576
1480795391740
1480859640638
1480859646700
1480785815807
1480785933968
1480785946921
1480785986930
1480785987482
1480785993828
1480794580658
1480794829801
1480794862114
1480785642979
1480785653676
1480844553773
1480844619105
1480844724220
1480844893830
1480802699804
1480834649334
1480778861227
1480778959991
1480778990692
1480793867026
1480793868510
1480794057641
1480845201624
1480845256824
1480845287231
1480845298229
1480845385078
1480845393201
1480825817551
1480852237259
1480852356225
1480782607796
1480782619259
1480782729261
1480782758758
1480792764281
1480792769017
1480792784579
1480792836975
1480792839634
1480862832062
1480863049487
1480843241806
1480843367084
1480843599564
1480843658928
1480848985785
1480849044446
1480792933366
1480792938364
1480792942878
1480792948002
1480787798255
1480787821425
1480787839732
1480861911626
1480799059466
1480857272781
1480857287793
1480857311905
1480857331626
1480804613022
1480800588870
1480847512546
1480847533986
1480847585694
1480847611098
1480847667323
1480847723016
1480840471064
1480840477183
1480840687084
1480840700493
1480840803288
1480840851247
1480782117258
1480782302463
1480782366724
1480807595002
1480807884711
1480854066967
1480854202838
1480854217803
1480854381119
1480798412430
1480842790602
1480842971208
1480843045670
1480784237758
1480784380315
1480784403598
1480784449552
1480785233659
1480860845318
1480855312915
1480855419918
1480855475473
1480855554332
1480809676738
1480809697922
1480850901669
1480851058979
1480851062167
1480780416891
1480780496403
1480780516086
1480841469200
1480841471581
1480841476352
1480841479677
1480841516238
1480841840076
1480780072958
1480780267376
1480796862171
1480845803755
1480845845882
1480846708621
1480846828526
1480837001530
1480791632407
1480778232079
1480778265107
