189613925
978934117
41667342
395990396
2375661338
202534741
159211075
723554251612499968
14409802
97654241
1412500075
206831627
1015440260
56341776
763784342
27007400
201183156
431142017
485844145
1720220132
1272666296
965239081
1015870262
437533038
50579673
4743531021
413217587
3331874607
76786936
434839840
239734640
452010658
1318108844
142807042
1319275574
2680617799
194217573
2969519381
283626884
1084193910
552024170
275145966
1627031726
2301791792
715845013
1660757306
394613
849195252
3413534908
438849246
389115081
475234937
467573735
3001638185
62004025
1212147877
2862441234
2746079253
2403776046
385864055
931715286
3610762348
637018529
227418048
2804233346
2695632918
2615476861
251377969
81352717
576702177
2377487094
44903309
2870870995
1183974055
4133217027
228051072
223600072
1260162366
1347013046
4199553285
704996147
1503550754
106738070
763875248773144576
995021599
749248856
3211000952
1064357792
2291003508
310195119
154808415
169233625
2512612640
8873182
2198332088
132164537
557607196
576074091
495033529
1068460123
456843561
522078771
40244378
478885285
2345625552
507652780
468410833
329600452
218839345
2878223753
264855009
476976606
194598925
173816714
1351714225
51781061
632742781
1898384390
224226820
4853628435
517829387
82870248
2159803472
987423986
1857148146
410210301
165051584
1408224732
1542926724
593742754
2341083257
179991655
120812398
713926372
858003427
190987854
396699676
422643715
347907371
743821644150476800
3088659569
222460953
2938313507
151246430
1117558933
1015484834
1699665619
854600858
727330183473160192
37892753
399010858
714169530
499197851
1230551046
374175177
47758527
2735301707
518934318
544486764
2758218200
600150904
1061331960
329670840
253639943
318257091
2347675929
2445821246
3366083633
2762840061
311957901
934197043
477633440
1449796104
499214987
75845981
1911991346
534425432
4179246183
885303356
719466130272870400
2418756838
548415706
88053361
65690709
805709071
1734567211
292518912
303175724
5464132
123884731
1221291
4871321181
3882048088
291141125
3306404625
353712460
500941482
740809051
3631947141
2353752559
547936685
3662356395
2252090852
736469367379087360
1395271422
1065081188
45400255
238268991
3332411590
4468775656
514440497
361898272
210900155
252332089
2280648054
1694289530
575663920
268843695
464516274
270211310
620351637
502998687
348988851
464881732
516916433
535447658
3360251476
4249591816
220409183
266578109
1063725991
326144852
462701585
7773732
2328266847
624903
244941491
66649996
2265915672
53139843
1339157467
570942587
566207084
233945272
926231262
1178518129
1681073648
13382082
436563519
3309783615
791324802
594777484
259731992
808722012
736543941101817856
198199124
787437990
4100708253
1685893608
583980924
188029214
2987686264
3164390831
2414609995
2196650893
784398647471595520
1464788840
107737376
873960836
9808092
1212975134
150184052
513352329
93691257
58477091
1182995222
2804118049
2714594117
2364476951
2454559204
440977656
40354809
239754039
59746019
1116671611
518403199
265385204
418758587
131946542
324262863
84416696
3038103838
213616021
2367178591
396823374
79813277
3439899455
970562868
313535823
183287158
2774751706
2805323313
299892356
1117198494
456854642
1334270024
4047168165
1441836270
210549075
527318573
508717801
393483438
125748181
109361238
423703761
454706789
1926446076
87999971
455712708
421753222
272999536
2661595185
485101194
1101963793
754395750499491840
174249848
15491749
1037651766
600280702
2572210756
962736661
2960376742
434743018
2479381757
625000187
409089494
495073318
836271002
1384301958
1166637379
1718923932
458347992
262100774
2828396831
2412802144
2827148957
7184902
428911670
151188498
132177876
1425749233
528480384
733609472195764224
81467672
15387167
1316131556
168273926
6138052
489551817
1274855814
254755752
21402138
364828908
1088806153
139764514
842378066
627579169
2197620432
80913303
4275490114
3217393599
4887827675
62334247
377619841
747245468
1073514842
479653294
2859316269
27231018
1205174246
14788200
126049704
2242729885
2217674274
2391603191
821719770
419094387
403293960
637327428
1152120582
1715694210
193709635
516544932
13573252
1573555616
829740630
199206417
2354484061
1709629910
2427072883
3543518537
706086896275955712
1068896102
2480085912
9405912
102082052
695753
2510430251
50263809
376269031
4866412145
858249276
2817019830
124819688
84300444
750847152
525584324
2348648967
3344669734
403289184
3368229117
2984349707
278748491
387078143
495894368
1581537397
456066284
1145950652
2170967705
955629762
2229918534
489781885
432738065
136205033
408021280
774631928834191360
462026678
4173348616
3909032295
311497321
102119784
2333704591
280057090
1171572038
2714080196
434372109
2155539577
51119232
428458020
2297955914
1588777538
4254101320
347879345
2452728714
365580871
2722795647
2991958845
1339415130
512591252
187951994
265017059
621285762
966419364
45346999
4924743345
3159816119
251106558
538327949
3025496028
212669183
3299633446
784661950286405632
277573955
707572465
547675086
90157200
965068518
162002854
100462127
212496035
2414872921
377970821
22172093
423519154
599247299
25665242
2909504255
3139667865
88072055
994798482
538327861
118350967
206146639
51906999
2348566523
2375250388
2522233932
524577373
