1715119512
790567158489153536
1489965936
581801913
1327241030
345535835
242399306
3094278383
391620881
804753644
1372497578
3345485428
2315538860
589423738
2242729885
3324571887
414373079
3038103838
2332571271
788047861342691328
2510430251
486077820
584022845
2455915345
2862441234
467573735
533332467
853635661
288339892
225452143
897054630
2766062542
1151527296
2650582614
1262939593
194275021
780089815786283008
759511811964231684
83865444
1367973715
4810630096
2478580177
402670015
2348272160
530990399
61011257
245378986
453966391
518934318
524493374
1042134122
722684492
2772829228
704779333307650048
2285114260
1412500075
1218936162
883001814
776488765183459328
1969415232
3048846859
2652929369
2197080899
557057167
1070320532
845781758
4209118828
2322734663
1057682683
3036352179
128216246
797840909626998788
1506815232
475325454
1420443511
4242264977
2696366840
590037686
122497273
1065081188
2363670784
398611235
309784041
1908575102
493318360
749617259849584640
1100350039
3088659569
4464016355
982932835
1282936026
421753222
97925608
230453692
394293884
4436365575
598650191
537504735
484133390
767795023970697216
127435541
428272958
2789363694
1037837900
1314367554
167014241
510652108
738344440851468288
40354809
14900051
756546140644974596
1244162966
702989036391112704
4525011809
1708309334
161428463
448343412
831927362
2909504255
4227091119
2482396225
459317071
118178579
3743344103
4695730892
4133217027
189110064
214551930
176712900
1621071816
3102288245
3056847964
803770735957344262
232231711
995021599
206671784
1222815008
458268610
2316519053
