0
92908
41328
47378
23754
31449
37418
20941
79473
92241
81009
23753
73225
1990
84604
44248
12804
63487
23291
5449
60927
11575
19515
33837
27784
27595
60922
77854
87777
11880
46511
41704
66676
19875
29537
33818
70066
37013
63782
76976
76623
83548
61746
94928
78684
10768
17423
27874
5373
33274
37237
75273
43923
87171
36736
68639
66073
39493
45206
44109
42973
26512
5940
85666
52318
60967
88438
17089
4345
25708
85214
30460
81904
69492
40140
32251
44237
47928
32103
39256
27669
62047
13714
32609
71297
30787
33296
40425
10447
64858
63682
75926
68274
58693
14413
528
34885
48507
83671
8654
48580
68690
39727
45457
69286
73689
3228
71154
22052
20125
875
48981
15114
18567
59350
24195
56504
44390
19073
20280
76578
21072
75233
38402
71555
67160
91165
26084
36476
9684
4177
54245
29214
87212
94009
74254
50308
2513
79049
64904
34064
61940
60772
6840
16153
82654
36222
6024
64340
79143
38881
3928
44478
51408
41448
44439
85914
12672
32355
52806
24910
50021
40784
50188
83426
82392
95032
66983
83525
63746
21471
90352
81510
15526
29512
54196
94292
5688
17683
38768
42738
13144
16476
19743
82965
20574
86651
42830
58191
57789
37548
94769
13875
48562
73300
52
77879
24760
86178
66361
35483
36610
58076
1529
28672
92012
18560
72360
69344
26165
65817
47403
23175
14861
59733
50987
74094
17430
17867
16475
42753
77237
44323
10375
70246
73309
73246
51814
16557
44311
81855
70024
33915
41499
41188
49394
56205
49999
91707
16004
37530
66048
40615
19644
64300
3963
16018
2572
32551
62929
1868
15548
93594
28656
15477
2719
75736
58220
919
51824
82846
13034
40696
27632
34370
42717
32192
11374
6107
79866
39957
36227
82458
11992
920
55979
38492
14431
2951
59666
1658
42792
27691
58090
59374
15170
43043
21158
12572
5678
68229
36301
60918
45129
88334
19034
60822
10671
35325
68898
77296
48557
42026
68869
49240
41237
9985
13926
9947
86877
476
52941
78883
24340
52344
5966
4049
86611
49379
31874
54520
69661
52034
43185
58652
64597
57016
24143
55347
59871
5619
72814
81780
70922
58314
27796
34287
78237
47840
59854
35528
63750
70336
903
78360
18483
85091
257
82290
14648
5527
91393
77139
51668
70023
87292
58309
9153
77668
69139
30629
56963
64463
32685
5282
35859
39000
58005
73199
30484
3908
33390
30877
67951
2715
50956
29487
49267
53298
68999
90262
75865
84896
68271
67463
4150
42720
88858
83657
6434
70659
34298
78137
68148
53252
25644
124
916
48893
70836
29955
22597
11521
45843
64652
20762
10218
68490
40559
59579
53316
41267
34691
62775
3099
40368
46829
41871
70919
92776
55327
22500
91719
85952
74609
673
10054
35376
31632
60443
1208
20448
36617
84799
37626
80547
11835
60553
71732
83819
16294
13229
46525
17021
77447
39821
30757
39764
41376
82625
41885
25631
41850
47407
22186
29927
2372
2785
71514
85260
65310
25810
2888
81765
152
52924
34350
37544
84266
52532
18078
13070
16979
22165
37193
33163
63364
38059
95030
1919
26624
68645
43446
88307
78052
16383
39444
51025
61330
95265
42700
93390
9651
53178
7479
33437
38629
91645
10748
82439
13581
90033
18082
29379
57452
50492
34349
15192
1888
70273
75427
72256
477
82147
64363
29168
20969
62246
27339
84510
30602
88264
4417
4682
85944
85213
70602
48407
72888
41210
5057
84734
39216
19183
7503
79851
68522
15725
88533
64433
93194
93269
60629
55277
23564
64059
8819
61474
27785
31787
10697
10681
7743
7461
61462
22872
7297
75045
25911
89919
81939
77702
73194
51567
20381
82682
58674
45094
69489
28380
56650
78423
27565
44427
17143
35061
89773
15777
89238
3684
66755
78346
15423
16187
18354
18092
58213
81769
18872
46037
50902
49933
86208
50550
90329
19333
5963
19891
36711
46955
41649
77060
39734
94076
19663
11405
79329
82968
70325
21722
7653
94225
93549
84990
73283
57217
68871
19419
7913
59188
60476
4711
53613
23058
37749
60039
12109
67386
74137
19005
31343
69427
50469
55951
83353
6604
80546
13966
78781
39221
35962
79387
73276
3509
58931
78513
19725
50625
74066
87269
39049
56824
25349
49184
75445
44158
17235
70616
9803
12529
54902
37202
50893
89102
62966
78869
46653
19622
9622
28169
38364
77543
50444
14576
29076
88841
32772
61295
39393
4354
82189
23134
89410
50103
83522
42602
86943
18463
87673
59902
26415
72141
63291
70979
16575
79941
89435
43173
59354
90720
31705
46907
82238
40958
61791
64719
17307
75834
69701
95182
60155
65806
77140
13725
66780
71502
95253
88463
68773
12820
8748
48184
31492
34368
59123
59073
45827
64673
64788
62754
39159
39835
57069
8820
3043
59789
78849
12053
79219
25904
72905
42632
2597
72094
68816
74434
94746
47321
81183
27569
26008
7094
10963
44299
10001
41609
86839
36221
57310
1797
54993
22571
47885
82438
18937
29936
57985
62249
61793
71812
42612
4911
6394
1820
69942
36771
48186
77063
18913
81594
89649
41238
24619
27146
53927
17717
43905
94496
15484
94276
55153
22739
41913
23368
68876
20015
84450
77059
5716
83387
10528
5013
57860
91845
3560
43247
49354
3930
21047
46040
62252
1992
51226
63292
43361
68389
36941
57029
78170
78755
52793
90990
31158
91968
46114
23823
25474
36585
74402
63172
90021
35293
57920
16651
40133
6806
37522
58038
3403
41743
84291
62869
297
37722
34851
65334
6044
25591
37194
80392
62883
15880
88552
57211
13262
73369
28752
62821
37541
16620
12535
12241
54121
14409
90525
7981
45747
53401
78342
79989
63747
61057
31786
84957
45213
30216
65795
3781
66740
38191
29150
36855
28793
33754
35721
93314
80917
48151
19885
1960
87019
17189
79212
71603
8609
7907
42096
57939
65563
4895
40614
87743
16667
66035
35268
54200
9445
37979
18170
64740
88475
7908
68798
17771
76340
92469
77921
16228
14286
85722
25301
88521
45199
13205
45349
27117
14063
75622
8398
2278
31269
43947
49519
65059
75285
9519
72722
15015
32522
50201
88448
3650
58482
32512
36245
6633
14668
28044
47231
67830
9026
41520
39931
56736
23804
56458
68753
73398
64352
59436
17372
93845
2405
32530
35074
60584
52788
30491
58350
31092
77369
26946
46599
83646
4200
1509
51890
56876
31071
1112
73507
21756
76620
10316
67197
29583
3544
2872
78875
20337
50848
8070
39418
32679
39119
28838
27129
29441
88155
44136
64193
38530
10670
90260
68297
46561
31387
14781
22460
39797
68954
17238
29898
46956
91606
62930
17405
59612
80137
35618
74413
41421
11887
7169
21573
53149
76219
847
47534
83395
18941
56907
51871
19422
63600
8966
24104
25704
84966
94908
87139
6895
83169
36018
56938
64969
70222
36352
91375
20855
56986
36853
21780
22951
12008
51257
57881
83647
3682
88910
27568
55498
21388
31502
17371
35832
64293
17799
972
73272
17198
29713
72307
91878
58414
87402
29435
40422
74915
67006
66434
78429
89284
9415
77042
90520
11782
69741
8939
7998
22890
29196
88857
89077
27627
35319
66359
58499
14492
54807
17573
33804
34863
20425
46085
87814
48268
31577
27487
41427
53552
51876
64243
69899
65394
89973
56361
56314
65905
489
14930
69285
34105
34654
21416
51655
18965
55118
53343
26483
43236
31027
34156
51272
3291
60090
49693
19098
78010
55002
15161
39522
293
67324
77783
75143
75134
20130
45390
56408
83364
8192
43922
91128
67629
38998
73648
46579
84301
74921
16533
51393
42183
8943
6417
6290
72859
91115
32436
81327
28641
58795
7679
80099
38344
44947
52599
88326
19408
34838
7992
25995
30880
65468
62498
70369
85989
59817
35384
90521
57574
60855
84195
27300
76861
88354
79834
45181
31981
94316
70973
18542
62632
10307
77327
74983
60630
64394
94126
4397
9905
87845
23534
73430
10433
88527
68315
36866
27418
89926
55238
42690
87888
18461
29502
65459
85961
69481
16655
34398
36455
78176
72679
68478
36484
85518
55592
11971
48177
8389
94342
23443
56857
41242
4909
1330
22799
20526
74527
16832
15995
3296
44896
74350
86026
14073
31406
63824
15281
19473
83137
8724
47587
39218
55270
1118
46054
173
91624
81945
25551
66692
92300
9901
2910
71547
75391
25747
23824
44125
51210
11275
95208
22745
48463
93150
92999
39517
46489
57982
60044
45940
34989
95111
26061
5845
32899
47614
8345
20560
17288
39759
3924
32845
93219
33914
13736
7407
22024
65975
80360
81208
9326
60151
24985
1677
55995
47895
57911
44520
64587
30678
47855
75578
45774
8075
86286
53809
45178
65605
53645
36672
22491
48800
11918
2927
67382
42680
81709
15418
45797
72275
89648
8766
50066
38824
36103
80915
42635
54065
30929
76881
21964
46760
68747
78138
62035
93955
35691
72539
51522
79497
4675
7850
12870
41701
27108
18811
52508
74268
55665
30733
11177
60655
14434
20030
54973
69189
53889
14421
47933
78470
52976
42771
69008
72826
31845
37582
48963
12133
19592
31568
42723
40718
33517
759
80238
19455
30359
46503
28237
48333
7926
11894
19481
83131
81330
84227
42384
19028
1947
11576
47468
53285
91675
40990
16426
92059
51293
59584
18536
14229
71708
85573
84354
48126
48218
58749
4636
69683
40788
73805
83508
59429
47760
20485
2283
2187
70194
81079
95131
61181
73092
69845
71470
3430
50906
35499
28893
9902
86029
22323
56974
53989
46340
91867
83684
71391
65861
75860
29526
10226
74194
90959
56967
19051
2248
13445
47651
10406
85382
72879
64951
85319
50643
42060
90649
25772
80535
72909
62602
79660
86974
5072
15879
6283
81608
76139
62936
45523
32137
92509
76528
25834
21641
37248
29318
63899
23954
15179
74449
74706
43510
1516
63259
80733
72698
81894
764
17954
34639
79808
33480
70850
10967
90237
81020
21217
45002
75096
95156
34193
50107
44820
18551
65546
93977
65085
38922
67074
94255
26943
15333
28948
90455
80225
28847
74422
73936
24779
78580
62666
1624
18558
72124
87082
89783
60083
40658
21597
91089
73046
51365
14645
85779
87573
47603
87807
73592
74054
43878
2516
55268
5291
6675
112
56010
73017
27690
28825
90343
74686
83992
35476
22959
69252
47650
24303
39445
89857
89875
91617
25195
46546
62737
57602
30654
41229
74459
36315
18326
34682
85712
47165
14208
89883
94454
30927
57580
546
73171
13907
9900
44242
26066
84210
22468
36827
69122
76575
16136
23882
85750
28674
92320
8149
70242
77151
69867
75053
94751
62497
42586
54605
61455
42165
91041
89900
57512
24569
26114
50742
1444
42526
85534
11520
40800
11856
32738
90506
74355
18129
25173
91586
73621
30351
76606
33065
25438
28884
13524
27380
17270
67365
86997
9272
88645
82984
17909
51320
87609
90827
89246
48377
55261
27548
68746
60763
26549
72419
43197
73869
76733
80912
23297
78726
28728
1730
92686
74361
29073
55462
57375
12834
19910
5258
2202
83598
75457
82192
52612
11140
73182
90880
27372
64805
12920
3045
48850
49208
52146
34383
69652
15625
62808
80919
18662
3533
15349
74296
44154
63331
95084
16395
88997
55000
21831
81701
53444
58577
52050
79100
20321
69478
82567
15674
9319
32364
7971
37028
84148
6877
35292
42816
46127
24105
33057
25535
57663
70904
89946
26944
93164
55983
10601
10391
15791
93197
5707
34523
74949
54871
51888
18944
75715
53231
9658
49788
12200
92880
73993
51440
70173
58895
56026
11919
18815
21457
4385
36668
85866
20273
72380
89715
85526
38239
1612
68037
67179
70626
47157
44717
68792
80760
2153
27702
60087
83087
1447
4236
4141
15402
69018
91991
67161
19082
38956
74532
8607
65208
15083
50923
7717
10441
77000
13251
70282
70414
52263
7055
15375
35280
37096
90604
85958
1209
34901
81389
49825
64548
63992
40400
91211
16597
40156
47976
68108
3727
89813
29959
10778
71798
80662
63287
11198
85255
29438
42591
40112
50445
45179
55618
1653
55126
45286
25133
82594
29832
79128
76479
38759
87839
94479
10233
11456
48097
4665
20525
25649
45253
32897
44855
76328
45615
47610
81234
60002
61839
12833
20580
91905
45477
42366
59978
851
17220
55771
12102
79064
57258
47766
37834
7870
63126
66335
55360
94196
73523
61367
77621
32570
79322
84612
20209
53763
51446
38593
19732
44494
18894
21064
47200
23373
81259
14345
20988
42286
94624
73095
88725
33090
42307
44329
21331
32415
32045
18421
3124
64377
94990
61425
85772
24904
77088
55874
6550
41412
42260
59823
16808
33485
77333
19746
37634
8085
92410
85956
52739
26555
85026
78563
64063
55380
53535
80506
90522
38040
88526
87885
45980
834
49473
73289
11027
21550
12977
72423
2036
6367
48587
90832
15780
8009
7000
27621
90612
93781
46617
6894
37435
24310
91639
57883
3459
40209
45267
329
86375
72147
7800
14788
21696
36055
55997
18829
16590
86148
22640
48
77770
2021
94338
47275
83773
25125
10805
78206
75966
26352
22280
66816
17847
59688
59115
68426
46445
95031
71444
43268
57108
87069
43939
62751
82305
43467
58638
27645
51990
14856
48853
42174
55926
24264
37772
21491
996
46043
80541
25340
16800
63182
93947
9920
814
40496
43924
40723
26818
11426
90359
7706
69531
65461
63352
58007
23087
62943
57031
37709
36779
1543
23128
81888
45767
10309
11652
18312
84989
46992
92960
81705
92531
9522
37564
64486
73498
68507
95012
46976
76550
27806
39141
86334
46841
30062
283
17142
32881
32133
30419
41332
81898
67917
91277
18286
15442
63850
26024
27779
1652
40545
10725
59664
86154
26277
40495
59076
31121
20960
91404
56567
84649
66445
48655
68866
19510
58012
60433
40238
60027
14241
3857
24661
69247
9166
82712
12318
64857
8612
10282
57418
1908
17039
77915
45954
33581
42977
67305
18997
8255
11146
75565
64169
21959
87207
54977
21246
43164
69009
20164
43512
25915
35028
24657
92209
90197
20466
50225
24835
38609
49512
42727
67444
51746
53657
4952
69959
74238
43560
86135
28434
48157
54559
4002
83824
83096
35451
47881
36025
52870
88162
9813
63167
77010
78586
17227
66003
67400
93134
75922
59302
6351
2561
69232
18575
34777
38541
41494
50248
48578
95337
81957
31287
42164
37431
11410
45058
26266
9754
24356
33971
9273
3370
38396
54038
88193
82236
29139
40629
84318
84839
1352
61247
47689
94074
31712
14684
82641
91777
47199
59531
49874
10523
10582
33952
92212
43652
26787
57647
403
4107
43012
15796
1338
12756
14559
90428
83
27000
92355
85092
74081
41430
50628
7114
62533
72273
51304
9307
57626
4543
44342
72776
18806
13857
60244
53842
52008
16853
31274
93029
92187
72759
31037
59549
22274
39882
32136
76472
9623
64160
56317
14594
34693
43344
30687
80087
50434
64823
11446
42907
43065
56854
60508
52470
89307
28118
7356
64507
7148
76951
58844
485
69559
54478
25758
18429
20498
9327
85970
1115
1144
21087
85561
32697
13085
40192
72854
94044
5366
32119
53228
68034
18165
15864
14464
3713
12909
56966
80641
41413
47218
73735
4760
23287
61714
77667
78056
35717
37835
16500
51777
92497
41978
32201
27792
31354
64637
11046
46008
36803
75765
89917
66714
62437
63853
80379
5804
32410
80293
48422
80611
14883
59825
73057
30284
2334
61987
66129
53931
24512
23347
52086
84366
83651
41890
19760
19309
77297
45515
24023
32788
41157
18300
50190
38234
34429
47524
55515
57885
16301
24754
29862
82647
9230
15662
61345
89918
34722
51292
86306
92431
73089
52611
30496
54367
4614
81548
24642
72174
62509
331
12020
83032
30655
30490
68350
89206
52200
77361
4454
47022
59494
11530
19863
67089
49430
51766
29096
16494
38450
92742
40951
31129
36660
41940
8416
12677
48546
84394
22952
57342
45853
48290
93346
79499
18442
28213
46050
24061
71283
28292
27230
22437
21773
24724
89884
56000
5242
67098
22232
72305
79778
33545
39810
48025
32315
40285
58921
79
1946
46436
19232
48495
56845
26428
87378
87296
30701
83490
2767
14514
25763
71599
23361
6241
20882
45020
16879
91947
5091
15158
73114
74322
38512
80598
90722
65386
21647
92489
7625
70697
86680
87987
9763
11376
92029
45758
57943
83599
48940
37653
33094
75073
20176
3316
32966
23575
72490
18724
67711
64171
4717
82066
74173
46318
12088
67932
88542
50202
69744
93795
54219
39708
94611
34480
43997
40816
82917
81652
88187
2875
81886
62855
28339
87966
11041
35686
38754
67683
42945
63221
72841
32686
56023
69729
89030
68299
12370
56962
28652
87505
47706
91009
16335
74285
43795
10112
69520
65677
36101
11758
83264
49829
55220
18636
86321
2111
78630
71165
80130
67974
80880
81457
33079
60548
57662
43370
20753
43716
29849
51616
70938
89002
16403
76475
20776
25580
93260
32514
36828
33525
65070
28135
17723
75933
28992
33821
61660
32620
34266
58308
63018
33323
52416
22228
69653
48408
79647
65784
281
86345
55588
38294
13214
3842
29159
42828
89871
19835
87104
58264
88575
10519
89327
3710
27541
5660
77969
35059
95193
77810
50110
83573
13105
21006
30922
27923
71598
17285
20663
31728
72785
28238
30436
61078
41012
5064
1226
52862
51576
44757
36756
59654
2732
49953
45924
13190
15025
22321
8097
36378
53284
80284
10515
70423
12586
45028
135
19881
9040
14213
70107
62028
52261
69414
94651
60569
94632
33357
46606
82118
88574
23192
24751
48466
57539
19925
73629
25881
20483
33731
24649
5854
89424
22172
88067
52157
14106
39848
6070
39095
94867
67216
56382
69398
33749
23872
92435
33983
11295
6478
20516
42009
37625
47586
24891
26720
86265
23357
38778
26717
38276
69708
31758
39160
48289
33263
20675
34887
79028
46838
57722
43877
77173
28716
2145
85337
33954
45938
78130
83576
73431
6696
32756
61876
56773
76679
46721
71959
33563
72781
19784
44064
75887
21053
11365
9079
23323
93727
75752
77145
42297
76715
53357
77510
62206
49370
29212
43350
82860
40224
83947
58402
58532
19600
58999
73174
76511
4755
42633
46788
49072
35873
84112
4082
51575
23798
30618
3890
57691
48842
20733
88481
86287
71901
38804
50058
19618
25356
95272
53926
65985
9808
45238
3128
80622
40408
40597
49368
8082
50184
40419
56030
59057
73649
34976
80114
56183
39236
59249
83766
67926
30495
24934
5873
82932
94176
66712
84066
80685
84098
39260
41851
83441
33127
82188
74911
6692
53398
38462
9828
93102
68691
28145
80106
14799
25440
5281
46171
17356
85130
69916
83668
50531
77710
3943
9661
71717
89953
16510
1728
12415
37694
17017
55552
88363
28408
30259
9810
78318
26023
4406
55736
83660
46972
67515
75662
26300
80331
47277
19312
6274
32828
57297
39693
49751
29841
50325
31902
9924
78864
41673
2609
26199
4782
54940
27685
7783
12411
69691
80847
90187
59638
91123
79646
90303
54210
50664
32818
89271
1926
8236
83768
23462
47114
3226
64168
61149
70121
7716
30993
69495
83288
19559
7761
44565
14462
64375
51311
53482
37654
16616
73214
28517
37211
71043
65872
20042
70632
51042
61232
1734
2024
84173
2373
61886
76541
60313
75179
44455
56299
79683
80175
67512
29758
82619
80302
88318
7026
76730
23220
5405
28129
75726
27703
45427
82040
641
38181
42150
30255
74606
15577
17474
84674
24442
18415
66527
32938
18150
55271
44495
27362
25674
42576
12268
52701
52381
62247
94889
47048
66939
94974
79068
51613
14777
42425
7514
41992
49346
22746
386
90487
53951
70401
67143
6527
75967
46248
65545
83042
8768
47500
93059
82047
87853
85800
20455
71483
36655
23314
53142
57308
65529
72944
73650
73168
15729
77629
75110
84670
22679
62670
6397
4544
83016
12626
91051
87390
83097
33134
11559
4292
80004
54635
3941
92645
7976
89374
70987
86499
93384
22275
30918
40910
14794
63477
94209
6722
6653
34945
72530
16640
57589
84733
3670
60264
83473
1350
85869
70641
3318
51564
90094
15965
68036
23749
33811
66313
47740
3547
33501
21693
68393
54271
47905
20052
14759
64008
8057
18321
77148
47168
57288
29969
82427
74448
8511
5495
37604
44601
90866
33457
54810
87314
4865
29483
41738
13302
55704
37044
2023
39749
80862
7054
32112
85037
60583
13452
29951
90234
79715
82015
14408
91961
86814
49787
46324
61727
93521
84916
33017
76029
88692
18283
68516
66225
37206
81132
1817
89517
4374
2892
56330
55738
95223
42747
61475
79576
58127
16327
55472
65851
41275
28602
89428
56238
59502
13018
28645
47142
78471
78101
63904
562
89332
83572
80988
66843
18511
65717
3443
29522
36956
51126
20752
91803
67649
55700
33937
76030
28423
13195
10806
49344
49765
69850
69298
13980
32856
60800
21342
2213
46643
20339
83695
6897
51433
27413
57253
18637
58479
22071
85139
70948
31407
20278
45815
56073
1055
74826
6594
46293
51258
94135
10598
14485
57487
87769
84406
36468
15492
93348
41252
73287
43289
62294
38284
78708
46670
55285
65807
30510
92185
48102
56146
36902
52045
78122
50323
61576
32407
47392
10964
42316
32301
63428
91751
1058
39066
1775
76523
16457
69402
71153
3832
