126049704
18935802
115139827
385383823
22605126
906858110
2827734168
1048802419
34239016
2484303523
1734567211
1028897996
2575196077
849195252
541061131
237241091
324262863
125851628
831665582
2722863047
2739787766
405426716
1405465094
3357308483
564904778
763784342
228051072
39240661
413217587
49954018
430743919
104540988
1300370167
319166186
304082066
1386793261
749611364
437533038
29157481
226641470
2817019830
386154304
875178422
3331874607
1341462944
2431061097
56341776
2410447644
2987686264
242071863
632742781
448056904
2267288613
2706574363
380526746
972884324
2403776046
637015768
3079251951
1319275574
906647966
224940210
2410911599
377619841
1101963793
206671784
475234937
378831710
2878690973
9623992
1640144880
253714436
1681073648
4468274056
45400255
