13294452
1341254522
164266350
585397603
2480246000
2366461149
1012135158
4910181370
19441340
3122280521
149609445
542327855
3309670823
372344749
79385667
2375216695
555309932
2788765798
904438754
451460002
4902671039
42478291
451483593
1586227562
26968329
410735674
108262067
1190127296
2811521884
2511415512
4405998622
1068928062
219406236
78567974
385512892
503452485
3299563144
759717599328411648
2239071753
746425402957135872
2921948057
759272459732410368
233630343
58891895
297060762
487751312
4394434523
4655248997
2907756975
14210532
51312569
3022681938
123712076
755821556
1112700469
1638278257
400103989
113643008
2339917973
499128183
428368107
2210084110
2230346403
241608899
2495079298
265060963
322528854
3096539158
4589805027
4857416872
2970117851
832016611
391450948
24041437
431829729
2353976618
1275456488
856629102
250774432
2340205333
710171600092598272
1595653056
2467497190
448806588
93962722
228249426
800779578
454050209
4383940095
134364906
1101021343
389104963
896141977
1192866157
379224837
2367102656
969081366
3332720836
456677700
744524292050788352
2800037465
182411035
255674310
628183914
3338622107
1559842459
1000366015
55205815
416928501
783020674952626176
575654596
3025353091
2533829229
2813579953
1544093054
202768204
192640902
89518361
1227802784
1722899785
69218842
2172017830
428041816
4686049225
240401072
2800729570
2330339683
2782395460
521325448
2973134825
3130737011
112386378
3069933261
2442669300
432943176
415055892
455094599
722514964095889408
636395042
61776957
837129073
9113092
1615176902
558010244
279422631
2881244285
3762684742
3247047894
114041232
611841018
3339999905
136013337
1425576013
65869236
120479017
58719148
2316274661
2941003353
70766956
613714212
1386632492
702750694
3363987292
3300629145
1270735285
311074404
421858288
2338806398
495090591
1199579786
491225607
128176490
464020852
1176131220
3045043101
66313580
477961723
2850694076
3384524717
1058440837
778531519
589180958
432937614
468197270
4861942759
1314974208
433509940
415039798
2572975391
396801199
404394458
429144484
2811397962
300226654
71293003
27413586
542151024
2221874484
1169245177
4688664552
559609344
108958320
22601538
2525924002
3050023667
1871088685
3074122662
831875880
3075395735
460196865
1885903771
439602156
486787100
891381614
55251916
168761446
2180128512
483198813
784949792
1061376037
1205970120
276187826
432778390
421166716
128688814
2569176482
721337052168613888
4155402466
426612667
244601988
1647476666
4860992891
2379390857
