0
3650
59436
34851
8748
37544
60630
4292
40788
73369
18536
80004
54635
60763
14345
48407
32315
21471
40559
73629
70987
22951
48940
47650
48578
5716
7976
92645
3941
53401
19732
65059
5688
78864
47275
89374
16575
60039
68639
7625
70697
69344
24340
11887
9763
82305
87987
74137
86680
11376
92029
20941
35832
87069
57943
74532
45758
1209
37653
28948
31845
7461
67711
64171
52611
72759
4717
39759
83599
76620
3713
39159
1992
53809
52599
72490
1529
14434
67932
88542
22952
23175
36018
48587
85722
18724
20164
41328
27785
12088
57789
74173
2927
11275
46318
16426
82066
16228
50202
83087
91968
32966
56205
79143
3316
20176
33094
75073
56361
85961
27230
22890
81939
54219
69744
36803
23575
36585
35483
21964
42602
46653
93795
10725
91606
94611
20855
27569
39708
9803
34480
24061
92531
14073
55995
2875
45747
92241
88187
34398
64243
82917
476
41913
11041
29713
81886
83137
68999
85213
55270
38754
88910
40816
4909
87966
28339
62855
24835
46956
35686
81208
43997
33804
46546
42738
18567
29435
12529
67160
63221
50987
61247
81652
67683
64352
42945
4711
22232
29441
51257
32686
75045
80917
39797
75736
72841
39493
14229
26061
56023
36617
49788
44154
91009
69520
23134
11856
673
16335
82290
73095
37548
80880
69729
58931
74413
8070
19910
65677
63291
36101
68299
25631
89030
82458
14063
87505
47706
3430
18082
12370
41520
59579
84354
78630
22437
41267
75834
10112
30880
52806
94276
86321
75926
91089
79473
56962
94044
74285
49240
41890
87845
18636
3403
43795
27300
67974
19028
83264
49829
27595
11758
37028
93150
55220
47468
2111
31387
23753
90033
71165
80130
9684
22052
45390
47651
48184
73092
82625
916
28652
58795
18442
26165
6895
64486
28838
24143
83671
54245
2872
7850
81457
58213
17189
83508
72256
57662
972
875
33079
43370
18941
4049
32201
14409
8398
60548
11446
91375
79212
5940
70222
20753
29849
25133
43716
1797
20425
88475
62497
48495
21388
88438
29537
79219
56845
12804
89946
26084
33545
19881
27645
7653
29927
17143
15015
7094
27541
5660
13214
21072
43905
52
67917
3842
29159
71598
17285
20663
89783
18429
11456
17717
20015
74915
27923
75922
77810
18129
20280
13736
50110
42828
89871
8609
36756
59654
77921
4150
4200
49953
44494
45924
25580
89884
77854
57069
36866
69489
51616
51393
65070
23361
86345
36771
10515
70423
44248
36828
70938
89002
16403
76475
20776
42717
45028
41012
10447
55951
28672
55592
64193
57016
30460
40368
93260
32514
79329
66740
30922
28135
45213
88575
48333
48853
33525
91867
38294
58264
38759
47885
61660
22739
68866
21006
94316
87104
35384
83548
19835
20448
84990
63747
81904
77969
35059
95193
19005
83573
13105
53284
58674
61793
36378
32045
71154
33581
83684
27129
65784
70836
29487
66816
39418
67197
72094
80546
60927
135
30491
6840
2283
10519
37431
5258
89327
3710
12586
55153
54871
37522
84450
403
54559
11140
2732
58414
63364
16383
28992
33821
13190
15025
18463
22321
51576
5064
1226
52862
86208
903
44757
55462
8097
30733
31728
72785
4141
28238
37835
30436
66434
61078
44323
33323
89900
80284
49184
9040
14213
1624
55347
93549
77702
47231
31502
69653
53343
47378
58308
88326
32620
62936
79647
79778
94928
16476
17307
57310
40133
63018
35325
1112
34266
75285
47840
4345
50902
16557
22228
15526
64587
19034
83773
16475
52416
5449
48408
93977
12572
75933
58749
281
9327
62498
152
40425
44237
14514
37202
70626
1352
18872
17723
33163
18937
68690
66676
528
5373
55588
52261
27691
69414
78170
34523
34691
50923
85214
18354
28118
62028
42632
18170
70107
54200
46525
87139
75143
71283
81009
5963
27632
57539
20337
19925
24303
46606
17372
85666
94651
94632
33357
36941
93314
22500
46050
30216
5242
60569
49208
16500
10601
7743
22172
87296
33754
52157
24649
3099
46976
23192
82118
88574
17089
24751
48466
91128
25881
18815
88067
20483
33731
8416
86029
27146
5854
89424
14106
77333
16667
26720
57920
92410
36352
42260
38059
39393
78342
69398
29379
53842
86265
69427
75887
20516
42009
32136
37625
39119
76340
59354
26024
6696
32756
61876
70024
56773
68746
39848
51446
6070
39095
90021
94867
48218
87019
70336
54121
47022
73648
10671
44064
72124
6107
14286
74402
73431
38344
72273
77151
2767
16879
73283
77173
28716
23357
78849
93845
12008
70919
94746
22186
33914
72307
71297
35618
58191
37626
40156
60155
15192
20675
23287
16294
34887
41188
14413
847
25301
82147
45774
33057
87402
88521
88645
88552
39810
92435
23872
33983
11295
6478
71812
42771
62966
46721
71959
11410
33563
72781
76679
43446
81183
30757
75427
62751
19784
78052
24891
6806
47586
92187
55327
36245
10375
33749
41649
57722
30359
74459
7908
89206
44125
3781
42753
47403
36227
91165
38778
26717
38276
56382
43878
37530
61839
78429
20209
51440
546
64740
39160
69708
85337
11835
31758
39734
94076
29076
91675
46838
15880
79028
41850
75457
43877
20574
73246
24904
36222
32609
64637
7907
8724
86839
95131
4454
59549
32192
9415
57217
48289
79989
67216
41229
69122
35499
2145
43922
11365
4682
33263
3509
45938
64951
93727
68037
76575
36855
16597
63746
62930
75752
9985
85091
3930
34429
35074
33954
83576
4107
55277
33296
23323
3544
53231
9079
77145
21053
78130
79660
31449
62206
53357
76715
23291
49370
919
1868
26787
31158
29898
17238
48025
48963
19073
6024
42297
77510
39444
88155
82860
50625
33274
49933
40224
29212
43350
25995
21573
1658
44439
80175
6394
47545
13529
92212
19473
77010
72814
67382
22542
82124
3228
4417
77369
58999
41376
14648
4282
89428
9977
1509
50830
71560
3443
10219
44495
87855
28102
92776
94292
56824
58479
12036
93882
43923
88294
47407
54196
5149
57297
51668
51890
94769
52045
31343
6044
44109
87043
30496
19515
57029
86287
67463
32346
76730
46955
23262
30877
74230
78781
2938
851
34410
84839
20125
20838
50550
8939
93781
82965
23697
80912
91377
57512
17288
75273
83395
42973
56908
59666
52788
90200
68898
77621
42068
25139
45457
58012
38788
69844
85989
15625
42580
23232
15418
57381
68773
78015
72888
75096
66969
64676
21525
3040
63760
30846
69840
79499
19891
11374
81765
92471
27669
90959
33016
2213
81056
1208
58871
51511
65861
72380
32551
47399
31136
2278
5678
29214
70273
112
30045
15113
48800
79064
48580
18047
33677
59817
77668
1444
1919
42742
87459
8354
29538
52034
76068
12870
67926
70948
53862
57784
91586
34744
5946
71603
67179
74609
35579
13229
58005
45843
4755
67386
7471
10316
80733
22738
69701
44455
51613
20130
62883
23564
8245
75044
37193
24195
46561
87743
80622
75909
77366
53105
63096
9947
30490
31577
85260
73592
3560
39256
68645
46114
50021
6113
573
17430
62943
22681
53990
68753
71774
28423
24642
21641
14287
23754
74606
73507
82189
29776
27690
9905
61940
87249
28434
16153
54039
15402
90276
53252
16010
93102
38804
14794
74677
45523
52470
62247
62509
55148
79049
34349
76623
42240
55146
13725
80139
42752
83824
49798
67836
52363
6353
70325
78346
57478
1215
50492
90771
38402
78869
38970
15114
18792
27985
46340
90506
81173
52924
57981
30259
71444
10109
94479
36361
40889
43377
88692
78138
38881
56650
35859
33647
41743
61367
77048
21568
45094
92999
69478
65546
82036
13875
64858
5180
84393
47485
48557
58499
62929
35376
9153
61791
35691
39216
50848
32623
17474
40597
78641
27117
66445
23882
32845
59966
18045
7503
78237
85526
23058
89410
74921
70438
50956
41237
7679
70746
6101
70401
51567
49354
94751
56030
63172
48562
9622
58956
69925
60967
66692
80714
8966
49379
38614
56000
32474
5767
44520
34945
88858
60822
89699
32888
1330
65817
62437
36301
65806
42635
48126
57515
95037
31705
91041
7000
60922
57272
29824
42150
72419
66359
88424
62602
53053
61317
15423
90396
68094
58410
6283
60772
50308
39956
81456
48939
23974
36692
72574
83096
79497
91623
93299
67143
25904
15170
28159
56026
59531
23804
24285
85367
57321
76771
18637
72905
55647
57881
42830
7144
78233
5251
2754
94074
86651
5405
11405
43652
65529
41430
16651
52263
75966
25810
45827
21773
71043
88997
90885
76861
60002
19183
78470
15559
47813
24467
72126
57860
11728
39764
56854
77781
50103
25535
85958
26428
49612
73646
88684
56183
60151
83657
19970
92908
87398
43872
16632
84291
64772
62525
50893
10681
38985
63477
43924
60584
36476
50066
15150
4900
95189
75556
85535
15995
49874
25704
44158
14856
12535
23441
24760
66361
92835
34775
40140
78708
32355
27414
10441
55700
82675
54817
58737
51415
41210
15484
11652
81469
70194
33783
29073
80506
66304
17847
19228
75245
4969
41609
34105
15912
49999
37541
48422
8593
89082
41238
32772
55856
22459
25125
19419
91051
9924
9122
38768
69009
18560
20097
57663
22460
40723
25834
11880
71391
48151
94195
3963
42060
78176
46511
69018
10406
70233
30495
7870
12109
75005
65459
40784
15965
93197
12923
81040
79171
38492
17867
42873
48893
2513
80695
55293
35962
79851
5845
38479
74394
90329
5091
85914
95012
78632
65795
29862
33246
88118
24768
94255
75259
91961
11918
44342
57342
33748
39931
15548
13714
68426
60476
29232
83118
34287
50445
60252
82682
62308
89300
40584
19978
43289
93947
39027
88334
25758
50906
80099
15477
28602
59854
32103
33461
21158
68939
30629
4543
32251
39065
47321
25440
68816
90260
42026
29969
34885
27773
33837
30419
49267
1321
91707
14839
35987
60918
65208
73199
21342
86437
46248
46085
46760
81548
83131
62821
11559
38493
11521
59612
45853
16004
27792
39957
9651
37237
54571
80969
54482
37013
20858
63487
68798
59902
24193
14668
5527
42035
37654
56967
73498
84799
77296
32512
90990
47710
83522
17405
60256
17371
44329
95265
38387
25349
64008
65699
759
32697
26352
53178
28408
58743
37255
10077
36928
43247
88481
43185
47142
2332
1653
21320
84896
39727
22024
9463
88264
72141
68747
34527
10803
48157
22491
50290
508
81234
2892
70850
70922
40658
39000
70812
31372
29596
12834
8654
85368
95206
89271
73289
79814
67039
68954
48
82846
7169
16979
8192
54940
65473
6718
85772
87777
68271
44947
257
27380
86857
49787
72423
7297
40902
34350
24309
17640
79603
65310
43164
51814
31632
14431
46643
87087
78056
24120
67306
4340
46829
74192
7819
57418
28374
12053
60553
43026
10967
69741
76541
58090
62737
16561
21047
35362
46992
69877
27784
73309
29936
8002
7148
15817
36608
59732
52933
36827
20762
59188
57511
36610
20466
91986
23368
9272
5442
48268
44999
29564
62775
16620
93652
24626
2024
20321
76438
85694
81945
71027
69230
26549
6656
75445
87314
56997
74911
93455
1053
27339
77139
26482
57452
43361
30674
86035
61295
24910
2814
46151
4507
43255
27372
51387
14039
1060
73225
89296
52008
11575
56986
59350
20339
56458
89857
19618
2405
51573
9290
59995
30787
44311
72722
41421
2373
36221
83441
55126
53951
72174
7959
72961
35426
2036
75860
61008
24985
55268
81701
64063
48546
79023
40408
94474
89332
62754
41303
6183
16853
20455
248
63750
94889
5072
80379
44185
23798
27565
70121
72776
81940
3283
70219
80535
75596
90720
90525
1990
81389
25674
5619
40209
58350
58314
331
44855
48132
7557
70956
41977
84210
34822
86974
82574
22646
18811
35139
32396
38890
14640
70066
61468
14781
34873
10054
91991
22597
32530
70659
32855
60993
61219
45199
68148
63682
48749
50241
50058
6976
39490
29856
7767
41871
76601
38819
89918
26820
54210
32133
8512
89715
88520
31786
5282
23524
73017
64463
65573
67074
73956
6290
8291
5013
9833
86877
25708
1728
66311
52793
92253
22900
91652
54423
78875
87292
21179
56330
81236
79248
74422
4375
47905
23609
34024
75233
9445
93384
27627
88526
65357
24083
5073
27108
4636
2719
41673
86611
975
93311
8820
52318
10218
31129
93519
59057
57031
17562
95313
74449
70979
72698
13926
69661
1947
45371
59052
11585
1626
2786
26300
53298
66939
85866
89813
38364
83364
94126
94908
64969
93194
83979
87378
57985
28169
83032
36853
89987
9922
70602
2227
24934
18801
563
10963
23128
8435
41885
8149
40842
27362
86375
79866
53935
59374
18483
36711
57074
93348
19663
80641
48290
46401
61786
25474
32415
52583
18358
16472
60072
73194
87579
66755
46514
5095
8678
77237
9661
36736
87207
64904
75110
50107
80032
51390
67846
54163
28226
57253
47874
67534
85518
85944
22677
80329
32410
70216
89307
12411
80611
40496
8995
69942
21780
9519
76974
57626
67400
25763
44390
27806
11027
45954
12748
77042
21722
12880
78426
65624
52344
19051
9574
70344
15777
69691
24619
76733
26141
4177
12609
3928
88425
58693
30823
81957
77710
84788
48682
83387
17235
32301
18046
75051
16253
59267
85252
53588
34399
7329
33933
7620
32502
92012
6351
66790
75622
22329
64394
20498
57001
58396
28004
8085
31586
92789
78302
70612
7783
82654
79808
10040
84510
25278
30137
31902
2179
95182
76029
92492
61330
3043
77447
68522
76606
62072
34739
27568
4413
35268
35891
17220
66712
59877
51869
59123
23811
60424
64293
49896
57691
1888
44874
64673
81943
58409
76881
56238
32570
16325
73724
36468
63531
14534
50188
47218
74361
32869
40989
64652
16518
45797
75405
3232
49825
3924
65851
86306
93137
84437
55618
51210
50323
26891
35717
71965
15773
92287
40452
30252
88592
85779
94034
62249
9973
600
85956
24657
68041
48463
74761
41427
4082
18575
28641
83876
46930
78669
32327
78137
73398
90344
40058
477
21474
41704
36122
56966
63219
11196
65286
76023
60443
3943
15158
1488
15920
37044
62252
26199
13768
14846
68768
49519
74245
58076
52532
10697
95030
1543
33485
28027
33818
27685
8255
29741
25143
21550
85139
76510
85972
82481
78710
1652
9326
68668
83042
518
19527
83647
43173
44336
38961
71399
88566
58038
34498
41095
62288
80106
5036
21174
40422
89351
21675
9828
283
91624
51684
90332
69298
80499
41613
62294
8768
23087
82626
19644
46040
57602
67787
2764
22274
52739
38677
89477
64433
69850
68519
45446
75888
21286
44096
91259
34768
31597
14535
35930
9810
297
73276
61746
64377
85448
31584
34193
52976
64042
30062
38609
94463
14576
87547
83904
68507
63167
12644
8725
63901
72879
11719
91468
39049
73936
19875
59174
80204
52419
73214
42612
37303
37194
22872
80392
32112
16800
35293
31543
54973
76976
24851
43670
90827
42286
33090
68498
64059
74706
41411
79834
35390
84604
15760
31406
39835
64153
22283
45178
36672
26008
11054
32685
21457
56910
4665
47881
74918
62474
10718
48751
28793
42164
13491
51655
15079
50403
87275
45565
9319
69285
89281
81705
41031
73300
73229
31245
7001
26266
35570
34181
84957
41180
45256
73171
23118
11432
2597
73333
71052
4757
996
59102
68274
32679
60869
35528
58309
55649
91905
57883
19622
17799
39218
61181
70548
82401
79683
2572
89749
38530
37919
386
26624
69286
91419
80185
81780
77829
65975
48113
46384
6692
45206
10748
43043
94270
55068
4385
1115
8819
51293
7073
9026
77063
41940
77361
77286
39755
11992
21807
23314
38519
92711
64300
75511
46599
49185
5240
62797
370
36380
75974
5057
29813
93597
40017
92355
12020
71708
30300
68034
94196
94916
18542
3533
58834
39141
88358
16612
64363
15409
32095
84278
89238
56876
33065
56963
78423
56907
78361
15527
93390
43268
68319
24174
55573
95156
73195
31233
76354
90487
59990
2372
32059
39821
89435
40990
67043
27982
39260
87390
45359
66986
18092
29438
57349
61636
62779
85686
29955
25551
72854
71102
89649
3202
10768
53426
50628
63694
3547
39543
68726
90234
55118
93269
14408
33585
15704
13070
55979
47057
31712
53247
85092
62063
12672
83435
68327
83382
95302
88397
48779
15846
62544
56567
79658
39653
91947
2940
34370
84619
33971
76997
4675
4544
92742
21696
61455
90640
82984
70556
51766
20355
39882
40545
5630
20526
85712
92469
75850
8236
45129
43400
14259
65905
69492
8529
17356
10523
33634
34693
71640
50664
21756
75299
28847
74322
21335
86742
57620
64155
68478
46324
37301
880
81252
51323
47928
29526
83819
23912
75255
6563
92400
83695
64597
55874
64109
37834
27621
7981
36555
73771
75913
10577
33501
30701
82438
4435
71470
79781
40278
86715
66784
55498
25909
26202
25644
75619
41992
52088
37418
83121
85026
74956
64548
85573
71057
15839
53492
23443
7926
94320
36103
60923
27885
20573
15879
61474
5033
59502
36332
51258
67449
75053
78204
95314
24827
84066
91855
28220
48850
82238
7717
34242
3459
36779
44242
9900
81769
64570
29758
73401
5707
32576
60655
60778
32778
58508
32071
37435
60578
76578
2343
80915
79636
30678
57375
7818
73869
69495
74527
80988
87171
15864
44565
63133
9007
14232
37034
31874
51785
58722
91003
23373
32624
55440
58422
95264
66457
22165
80862
814
26512
55353
3684
87057
60453
70904
66156
94468
65100
18502
39839
93346
51142
22679
43451
45100
56408
16609
53060
14387
58010
16363
14388
78787
7694
76022
54810
80022
16510
10226
6841
60746
10778
94974
10892
12471
19641
49730
46972
2715
2785
14557
31269
13453
72457
92086
51861
94010
54481
78471
78101
38181
44478
2102
30602
48507
36005
10816
35721
73689
84714
63852
67489
12860
74176
79068
60874
82934
75750
10475
69189
36055
66003
87388
78318
94475
21647
67830
56347
19422
87885
39972
40461
13064
20889
28453
16494
9901
80598
66232
10861
49368
83646
51226
40951
86997
83525
19863
15379
632
61057
94617
56622
58446
37979
75967
55997
26439
8062
23393
91515
17502
41006
47048
38629
31101
72682
22625
31787
9273
52403
39409
41877
18853
19414
92379
57669
91821
83683
52612
12833
67237
62103
28380
90094
8088
57762
42700
45237
36655
42977
9522
21589
24754
54025
46037
2962
55983
10362
65394
63259
45615
44321
94176
1918
79646
66073
75662
63428
38941
70282
37408
23220
33915
53482
76550
74702
22018
6170
15734
13697
70246
92530
59520
5966
13445
67820
66714
562
11971
49422
38420
16248
14124
70999
19746
74354
68614
17529
17203
10352
81855
71270
35894
22335
69111
22846
12080
47277
15688
28728
13028
38040
42501
79934
82895
80114
46086
82932
82439
32603
32377
78789
82660
72539
13005
70828
9971
88963
28376
8007
80302
80847
18465
61420
8511
43771
37146
4129
9669
40285
23135
85800
468
67226
54378
90993
33978
15674
27231
45826
61446
61983
53613
60374
26943
21721
7579
39635
19452
45020
8767
16112
90838
7998
91426
23394
69498
60889
15856
18592
38504
5281
18593
33365
27002
55829
58969
9371
7915
80659
87252
43853
63899
84018
16457
59823
77059
22713
15160
24105
22041
5237
43939
59446
53009
7240
74934
81791
43970
83097
54648
91878
59638
75796
44055
52941
33650
64572
39649
47291
44698
44839
71826
14615
32113
58783
65149
8057
19147
56491
88970
77060
63722
92960
32938
54605
63782
19966
12415
18997
82936
80755
63503
13580
10325
56225
93619
40400
7514
65983
49346
70242
55930
76709
322
45442
27413
30655
92790
29489
33685
34409
50330
56938
25741
94383
66983
68315
29735
74927
26012
40928
76890
63824
36660
82427
69173
67522
84444
22029
20257
83397
38251
66005
25642
24594
80671
48880
73040
83931
91598
70158
90166
94990
87162
15395
52076
52200
10635
76014
39517
63600
13756
20030
50225
67649
23325
3682
50844
15970
61038
71746
54993
72909
42643
22208
65085
29297
8824
70164
40733
55000
54270
57531
60295
17257
54251
88667
59115
69800
30158
88318
52111
40958
45756
30512
64393
10763
84112
42300
65717
67515
76139
90359
16616
91617
85130
57188
80238
31009
69146
39445
94327
57399
12677
77559
46499
88857
91470
37609
76030
28213
86026
87368
53970
14038
27796
15577
59134
3025
32282
60433
7716
40339
90814
6594
70974
63904
81372
32119
80069
43002
65985
82022
16590
4374
28570
79100
46110
25190
20550
31865
21689
7665
18421
48952
72922
32846
67993
34930
71502
35612
51126
19725
79322
7479
25591
24471
39236
43540
15729
40203
1152
23733
55578
20882
83766
44818
17771
46788
88292
88344
79576
30618
20752
4236
87306
72571
20347
91845
77785
49575
28727
84002
91930
50842
10805
15705
95032
41142
89847
41929
14421
47
43236
70247
86239
92185
57974
17081
23534
54934
78200
48379
58150
12302
70924
53398
43065
3803
31071
22845
12820
78380
9659
43746
46460
7576
18551
15725
82641
91645
74899
78175
21101
13262
66780
82852
34397
62789
25438
90530
77842
29163
63267
4726
75442
67265
51220
38383
43385
19802
89251
2086
75540
95344
18569
28244
68108
94797
19335
44986
9094
22259
74469
69128
77399
11359
42577
91514
8789
34958
21563
67468
6048
73144
76786
21223
75907
31161
17076
85222
90216
65744
13640
31412
84323
27472
48565
84886
76960
50681
94415
41275
24424
51316
44532
36506
28045
75021
12843
76940
64730
79044
11849
45400
29395
92330
10833
23180
18677
65617
70087
66113
29258
25248
12884
62621
67221
27272
6513
29092
