434870760
758935701698191361
250774432
1192866157
2511415512
3982458934
730380067637956610
2704662807
2809762856
779077333
228249426
501523214
128688814
1336027495
1068405199
119595905
798086349316378624
187452064
2811521884
799492756158738433
3069933261
531851126
2920376271
24041437
1101021343
3434003098
4688664552
389477469
4830782164
488856416
2754851246
486787100
96659291
1168651670
1000366015
784403303497170944
3036230170
1036575512
805409336373690368
1012135158
733366019666944000
96380866
408355738
738839237919944704
606731466
926290832
2921948057
2881244285
978514940
2181825023
2800037465
774210914409127937
767831797853982721
764525968623071236
520432536
1385272040
456677700
803737951683416064
1241355780
3977951957
4204098099
415055892
3025353091
499128183
2239071753
2243950814
718184199908421632
713184048
245700162
3154269976
2565953471
399560982
789477506646671360
369200086
420923031
2768846523
585154533
468197270
733026190689210368
2510778660
970274028
108408660
2430563386
1327684639
124816478
69218842
2435218631
3007780061
3050023667
4394434523
306686257
36521177
237608753
1368025074
372238164
2344039777
2703693450
4703457437
3296752419
307960634
2218349510
2883152433
460355867
50232653
29968376
2732373033
762573760037871616
465389756
537389666
105382067
4818884571
713625460878483456
397481743
116750021
25477483
219406236
2863629983
741220758643441664
3309694673
3309670823
297487584
2305403337
3050488523
222725904
377199894
619364254
2970117851
2813579953
988886940
712004079791124481
291951565
3065668461
2978019477
432622559
2359323311
4196398887
4805595143
118742948
510153160
791671139521142788
61776957
781522958158274560
1071979285
